nb_clients 25
nb_jours 12
nb_camions 3
volume_max_camion 1000

demande_quotidienne
100 114 120 98 104 99 111 120 110 111 116 108 102 99 111 96 108 109 115 120 120 96 118 110 104
119 103 114 99 106 96 96 96 116 113 96 108 117 102 109 119 96 112 103 120 110 111 113 103 107
103 117 103 120 110 105 96 109 113 116 99 101 116 119 105 99 119 106 119 118 112 109 112 117 102
105 105 114 111 112 108 114 97 111 103 119 108 109 117 101 107 113 118 120 117 119 107 98 110 117
112 99 120 101 112 108 107 111 119 96 111 97 105 118 115 114 114 108 116 101 101 112 103 96 120
102 113 113 103 108 112 107 114 107 110 104 117 113 115 119 96 108 119 112 100 112 120 113 102 109
97 111 107 114 113 102 112 109 111 107 109 107 96 113 113 115 115 106 110 115 96 103 116 101 113
114 101 98 113 104 97 117 98 98 96 110 96 120 120 104 103 104 99 115 101 107 105 98 101 101
104 112 101 117 104 116 118 105 110 118 106 111 111 99 96 105 108 106 109 102 104 99 104 119 112
102 115 109 96 103 96 108 100 97 119 101 110 118 112 117 109 113 103 116 118 112 110 103 112 116
96 108 117 114 106 117 116 109 97 119 105 100 102 97 105 98 98 105 105 119 101 109 114 104 100
96 113 97 114 102 114 110 101 120 118 115 112 97 108 102 107 99 102 114 117 109 114 102 111 99
