nb_clients 25
nb_jours 12
nb_camions 3
volume_max_camion 1000

demande_quotidienne
111 133 130 104 119 134 126 136 133 100 134 96 126 112 131 110 108 141 126 130 131 126 121 136 105
110 136 105 129 120 143 96 138 100 106 144 133 98 115 97 113 126 134 142 120 141 123 121 142 132
124 104 119 102 98 104 127 109 112 139 123 136 115 122 128 120 132 118 130 133 122 133 110 117 139
97 113 134 138 140 106 140 116 130 132 132 102 141 137 109 136 132 113 114 103 100 126 136 126 101
118 100 122 105 97 114 123 122 103 98 134 135 144 98 120 141 133 117 131 113 128 111 98 115 96
100 102 134 130 98 108 122 114 135 112 105 140 98 117 116 119 104 120 120 125 129 120 137 134 139
131 102 135 128 113 123 136 142 141 111 115 123 112 129 115 131 117 96 122 133 116 97 120 135 133
136 104 99 136 136 117 125 118 139 118 134 141 113 143 127 97 133 99 139 97 119 112 136 125 115
133 134 116 107 119 107 116 144 119 134 112 115 120 102 97 132 139 143 104 115 128 110 137 113 111
116 107 139 123 137 140 102 102 134 116 117 139 110 124 106 101 117 143 137 109 132 124 113 110 103
98 129 108 116 132 107 113 117 137 101 135 118 133 104 122 114 129 113 125 118 136 122 114 122 132
122 98 122 105 108 96 126 135 128 123 131 141 110 98 143 125 144 138 143 129 114 130 117 110 100
