nb_clients 25
nb_jours 12
nb_camions 3
volume_max_camion 1000

demande_quotidienne
99 101 101 119 106 143 138 115 112 134 109 134 98 133 139 106 123 136 121 142 128 119 130 124 128
113 98 97 119 125 116 120 123 129 106 131 107 111 110 97 107 116 107 104 128 128 119 128 139 131
107 124 122 143 129 144 119 133 118 119 124 106 144 121 141 143 125 137 129 111 127 113 127 128 128
118 138 125 125 118 132 142 131 142 125 127 138 110 116 140 106 135 113 126 115 115 141 128 131 129
128 137 135 133 122 115 142 109 127 128 119 139 135 100 117 142 96 108 143 102 99 132 137 99 113
133 110 139 102 144 129 104 113 111 109 99 123 141 144 98 99 119 119 107 111 139 97 101 103 100
97 98 142 97 119 112 104 106 143 107 129 140 96 120 133 98 111 105 98 96 118 135 136 143 143
103 114 117 127 97 115 124 131 134 143 98 112 144 121 135 141 105 126 110 101 138 139 116 102 97
124 104 129 133 121 127 128 116 105 117 112 112 134 122 137 97 140 131 104 138 99 112 98 104 106
106 102 125 136 110 128 141 98 111 110 141 124 100 112 101 133 110 135 135 141 119 112 139 123 113
129 144 96 105 98 120 122 106 103 128 142 101 111 102 102 97 107 144 110 102 109 97 129 138 125
125 115 130 137 120 109 139 144 109 142 123 123 128 97 133 133 99 122 129 133 107 102 138 126 119
