nb_clients 25
nb_jours 12
nb_camions 3
volume_max_camion 1000

demande_quotidienne
103 114 113 100 107 115 111 116 114 98 115 96 111 104 113 103 102 118 111 113 113 111 108 116 100
103 116 100 112 108 119 96 117 120 98 101 120 114 97 105 120 96 104 111 115 119 108 118 109 108
119 114 110 100 107 99 97 100 111 102 104 117 109 120 116 105 109 112 108 114 107 113 114 109 114
103 106 117 96 104 115 117 118 101 118 106 113 114 114 99 118 116 102 116 114 104 105 99 98 111
116 111 98 107 98 109 100 96 105 109 120 109 99 97 115 115 120 97 108 118 114 106 113 104 112
103 97 105 96 98 99 115 113 97 102 109 105 115 104 100 118 97 106 106 107 100 108 108 110 112
108 116 115 117 113 99 115 112 104 109 116 119 118 103 105 109 104 112 105 113 106 96 109 114 106
96 108 115 114 116 100 97 116 116 106 110 107 117 107 115 118 104 119 111 96 114 97 117 96 107
104 116 110 105 114 115 106 101 107 101 106 120 107 115 104 105 108 99 120 96 114 117 119 100 105
112 103 116 104 103 106 101 117 109 116 118 99 99 115 106 106 117 103 110 101 98 106 119 116 102
114 110 104 103 99 97 112 102 106 114 101 104 106 116 98 115 107 114 100 109 105 112 104 110 107
116 109 105 109 114 109 97 109 100 102 96 111 115 112 109 113 118 103 97 119 110 120 117 119 112
