nb_clients 25
nb_jours 12
nb_camions 3
volume_max_camion 1000

demande_quotidienne
108 120 109 97 104 112 111 108 105 111 107 114 102 112 100 105 100 120 99 115 104 113 118 115 100
105 99 119 98 117 106 111 113 99 107 109 106 115 116 102 113 111 110 112 104 97 113 96 98 119
108 118 117 116 96 115 111 106 103 119 106 118 98 102 114 103 103 100 113 110 98 98 106 112 111
99 105 113 105 118 99 113 106 113 102 115 113 114 105 110 98 115 108 106 114 103 105 101 102 101
97 115 117 104 111 98 98 117 120 100 100 97 98 118 113 117 108 118 112 104 112 103 102 117 114
109 114 104 110 111 117 116 118 107 98 106 115 99 111 114 116 106 102 103 96 119 104 99 118 103
107 101 106 109 97 99 100 118 103 97 114 116 113 115 117 98 96 99 116 102 115 114 99 108 98
107 99 97 115 96 102 101 118 99 111 102 119 97 117 96 113 109 115 99 104 98 103 98 116 105
107 109 101 97 112 110 97 115 99 118 108 102 104 107 119 111 114 101 118 117 102 120 97 117 101
101 106 112 104 99 115 110 117 101 96 111 117 109 114 112 105 116 107 108 117 104 100 113 118 96
110 119 98 106 119 97 113 104 100 103 120 111 107 115 105 117 107 114 116 115 100 118 105 108 119
109 116 98 96 115 102 118 106 101 103 103 116 110 108 118 117 114 109 97 108 118 114 109 120 117
