nb_clients 25
nb_jours 12
nb_camions 3
volume_max_camion 1000

demande_quotidienne
111 115 102 142 121 126 105 101 100 97 121 131 114 144 99 110 129 130 119 113 107 102 112 109 97
137 112 113 108 106 115 114 136 142 119 101 134 117 138 120 128 111 107 111 126 113 101 131 115 96
114 132 141 115 144 128 108 122 123 134 114 123 124 106 110 115 112 98 101 98 125 136 113 129 130
137 126 140 117 105 139 108 100 122 108 136 136 124 113 107 118 123 143 133 116 136 131 108 116 102
99 141 110 113 144 133 135 111 103 117 107 114 125 97 98 118 140 101 114 143 139 116 97 116 114
116 105 137 122 135 139 100 114 135 108 124 114 104 112 120 134 106 117 132 96 119 98 125 106 119
119 114 132 102 124 109 123 109 103 99 99 99 143 106 134 139 105 134 98 130 127 133 111 116 98
103 129 114 122 137 108 126 108 111 124 122 127 98 110 122 124 111 137 123 109 127 108 98 98 112
112 111 129 109 110 122 112 105 116 99 116 132 103 132 121 137 137 141 143 98 127 120 101 123 109
132 106 117 114 138 126 137 116 122 129 109 137 139 113 117 121 127 100 113 136 138 108 98 121 135
104 113 138 99 106 140 136 125 132 126 143 121 120 109 96 109 106 96 135 112 103 121 120 110 131
99 108 106 138 134 117 131 126 129 124 97 101 98 140 134 103 127 131 112 134 104 98 119 101 129
