nb_clients 25
nb_jours 12
nb_camions 3
volume_max_camion 1000

demande_quotidienne
97 98 98 107 101 119 117 105 104 115 102 115 97 114 117 101 109 116 108 119 112 107 113 110 112
104 97 96 107 110 106 108 109 112 101 113 101 103 103 96 101 106 101 100 112 112 107 112 117 113
101 110 109 119 112 120 107 114 107 107 110 101 120 108 118 119 110 116 112 103 111 104 111 112 112
107 117 110 110 107 114 119 113 119 110 111 117 103 106 118 101 115 104 120 111 105 105 118 112 113
112 112 116 115 114 109 105 119 102 111 112 107 117 115 98 106 119 96 102 119 99 97 114 116 97
104 114 103 117 99 120 112 100 104 103 102 97 109 118 120 97 97 107 107 101 103 117 96 98 99
98 96 97 119 96 107 104 100 101 119 101 112 118 96 108 114 97 103 100 97 96 107 115 116 119
119 99 105 106 111 96 105 110 113 120 115 119 97 104 120 108 115 118 100 111 103 98 117 117 106
99 96 110 100 112 114 120 108 111 112 106 100 106 104 104 115 109 116 96 118 113 100 117 97 104
97 100 101 101 99 110 116 103 112 118 97 103 103 118 110 98 104 98 114 103 115 115 118 107 104
117 109 104 112 120 96 100 97 108 109 101 99 112 119 98 103 99 99 96 101 120 103 99 102 96
112 117 110 110 105 113 116 108 102 117 120 102 119 109 109 112 96 114 114 97 109 112 114 101 99
