nb_clients 25
nb_jours 12
nb_camions 3
volume_max_camion 1000

demande_quotidienne
104 132 144 100 112 103 127 144 124 126 137 120 109 102 127 97 120 123 134 144 96 140 124 113 142
110 133 102 116 97 97 97 137 130 96 120 139 109 123 142 97 129 110 144 124 127 131 110 118 110
139 110 144 125 114 97 122 131 137 102 107 136 142 114 103 143 117 142 141 128 123 128 138 108 115
114 133 127 128 121 133 98 126 111 143 121 122 138 107 119 131 140 139 143 119 101 124 138 128 102
106 129 121 119 127 142 97 126 98 115 141 135 133 133 121 137 106 106 128 110 96 108 130 131 110
121 128 118 132 118 125 113 138 131 134 142 96 120 143 128 104 129 131 109 123 99 126 119 132 131
108 128 122 127 118 122 118 96 130 130 135 135 117 125 134 97 110 136 107 131 133 107 101 131 112
98 139 100 101 97 124 96 144 144 113 111 113 103 135 107 118 114 100 106 106 112 129 106 138 113
137 141 114 125 140 116 127 126 103 97 115 120 117 122 108 112 102 112 142 128 109 134 123 97 110
97 121 105 98 142 106 124 141 128 139 123 130 110 136 140 129 124 110 129 137 97 121 139 132 116
138 136 123 99 143 115 104 109 99 115 100 100 115 115 143 106 122 132 112 104 96 131 98 133 109
132 125 106 141 135 128 98 120 108 118 102 109 132 139 123 133 108 127 102 138 120 114 128 127 97
