nb_clients 25
nb_jours 12
nb_camions 3
volume_max_camion 1000

demande_quotidienne
120 144 122 98 112 128 127 121 115 126 118 133 109 128 104 114 104 144 102 135 112 130 141 134 105
115 102 142 100 139 117 126 131 102 118 123 116 135 136 109 131 126 124 129 112 99 131 96 101 142
121 141 138 136 96 135 127 117 111 142 116 141 100 108 132 110 111 105 130 124 101 101 116 128 127
102 115 131 114 141 103 131 117 130 109 134 131 133 114 124 101 134 120 116 132 111 114 107 108 107
98 135 138 112 126 100 101 139 144 104 105 98 101 140 130 139 121 141 129 113 129 111 109 139 133
122 133 113 124 127 138 137 140 118 101 116 135 103 127 133 136 117 108 111 97 142 113 103 141 110
119 106 117 123 99 102 105 140 110 98 132 136 130 134 139 100 97 103 136 108 134 132 103 121 101
119 103 98 134 97 108 107 141 103 126 109 142 99 139 97 130 123 135 102 112 100 110 100 137 115
118 123 107 99 128 125 98 134 102 140 121 108 112 118 142 126 132 106 140 139 109 99 139 106 106
117 129 112 103 134 124 138 107 96 126 139 122 132 128 115 137 118 120 138 112 105 131 140 96 125
143 101 117 143 98 130 113 104 111 144 126 118 135 114 139 118 133 136 135 104 141 115 120 143 122
137 101 96 134 108 140 117 106 111 110 136 124 120 141 139 132 122 98 121 140 132 122 138 141 98
