nb_clients 25
nb_jours 12
nb_camions 3
volume_max_camion 1000

demande_quotidienne
103 105 99 119 108 111 100 98 98 96 108 113 105 120 97 103 112 113 107 104 120 101 99 104 102
96 116 104 104 102 101 105 105 116 119 107 98 115 106 117 108 112 103 101 103 111 104 98 113 105
96 105 114 118 105 120 112 102 109 109 115 105 109 110 101 103 105 104 97 98 97 110 116 104 112
113 116 111 118 106 100 117 102 98 109 102 116 116 110 104 101 107 109 119 114 106 116 113 102 106
99 97 118 103 104 120 114 115 103 99 106 101 105 110 96 97 107 118 98 105 119 117 106 96 106
105 106 100 120 116 109 115 117 98 105 115 102 110 105 100 104 108 115 101 106 114 96 107 97 110
101 107 107 105 114 99 110 102 109 102 99 97 97 97 119 101 115 117 100 115 97 113 111 114 103
106 97 99 112 105 120 109 116 102 111 102 103 110 109 111 97 103 109 110 103 116 109 102 111 102
97 97 104 104 103 112 102 120 103 109 104 100 106 97 106 114 99 114 108 116 116 118 119 97 111
108 98 109 102 114 101 106 105 117 111 116 106 109 112 102 116 117 104 106 108 111 98 104 116 117
102 97 108 115 100 120 104 117 97 101 118 116 110 114 111 119 108 108 102 96 102 101 96 115 104
99 108 120 108 103 113 97 102 101 117 115 106 113 120 111 112 110 96 98 97 118 115 99 111 113
