nb_clients 25
nb_jours 12
nb_camions 3
volume_max_camion 1000

demande_quotidienne
61 68 67 0 63 0 66 0 0 58 68 0 0 62 0 61 60 70 0 67 0 0 64 69 59
69 0 67 75 72 0 0 78 80 65 67 0 76 65 0 80 64 69 74 0 79 72 0 0 72
0 0 0 0 68 0 0 64 71 65 66 0 69 77 74 67 69 71 69 73 68 0 73 0 73
0 75 0 68 74 82 0 84 0 84 75 80 81 81 70 0 82 72 82 0 74 74 70 69 0
59 56 50 0 50 0 51 0 53 0 0 55 50 49 58 0 0 0 55 60 0 54 0 0 0
74 70 75 0 0 71 0 0 0 73 78 0 83 75 72 85 70 76 76 77 72 77 0 79 80
99 107 106 108 104 91 106 103 0 100 107 109 109 95 96 100 96 103 96 104 97 88 100 105 0
80 90 96 95 96 83 81 96 96 88 91 89 97 89 0 98 0 99 0 80 95 81 0 80 89
66 73 69 66 72 0 67 64 0 64 67 76 0 0 0 0 68 62 0 60 72 74 0 0 66
85 78 88 79 0 80 76 89 83 88 0 75 0 87 0 80 89 0 83 76 74 80 90 0 77
0 83 79 0 75 73 85 77 80 86 0 0 80 88 74 87 81 86 76 82 79 0 0 83 81
78 0 70 73 76 0 65 0 67 68 64 74 77 75 73 0 79 69 0 80 74 0 0 0 75
