nb_clients 25
nb_jours 12
nb_camions 3
volume_max_camion 1000

demande_quotidienne
58 58 0 0 60 71 70 63 0 69 0 0 58 68 0 60 0 69 64 71 67 0 0 66 0
66 62 0 68 70 68 0 70 71 64 72 64 66 0 61 0 0 0 64 71 71 0 0 75 0
89 97 96 105 98 105 94 100 94 94 97 89 105 95 104 105 97 102 0 0 0 91 97 98 98
0 0 0 87 85 90 94 89 94 87 88 0 81 84 0 80 91 82 95 88 83 83 93 89 89
94 94 0 97 96 92 0 100 86 93 94 90 98 97 82 0 100 81 86 100 0 81 96 97 81
0 0 73 84 71 86 0 71 74 73 73 69 78 0 86 69 69 76 76 72 0 84 0 70 0
73 72 72 89 72 0 0 75 75 89 75 84 0 72 81 85 72 77 75 0 72 80 0 87 0
100 83 88 89 93 80 88 92 0 101 96 100 81 87 101 0 96 99 84 0 86 0 98 98 89
79 0 0 0 90 91 96 87 89 0 85 80 85 83 83 92 87 93 77 95 91 80 94 78 0
93 96 97 97 95 105 111 99 107 113 93 99 99 113 105 94 100 0 109 99 110 110 113 103 100
93 87 0 89 96 77 80 0 0 87 81 79 0 95 0 82 79 79 77 81 96 82 79 81 77
0 93 87 87 83 89 92 85 81 0 95 81 94 86 0 89 76 0 90 77 0 89 90 80 78
