nb_clients 25
nb_jours 12
nb_camions 3
volume_max_camion 1000

demande_quotidienne
0 0 60 71 63 85 0 68 0 0 65 80 0 79 0 63 73 81 72 0 0 71 0 74 76
0 62 62 76 0 74 77 78 82 68 84 0 71 0 0 0 74 68 66 0 0 76 0 89 84
85 98 97 113 102 114 94 105 93 94 98 84 114 96 112 113 0 0 0 88 101 89 101 0 0
0 122 111 111 104 117 126 116 126 0 112 122 0 103 124 94 119 100 111 102 102 125 113 116 114
0 105 103 102 0 88 109 83 97 98 91 106 103 0 90 109 73 83 0 78 76 101 105 0 0
104 86 109 80 0 101 81 89 87 85 78 0 111 113 77 78 93 93 0 87 0 76 0 81 78
73 74 107 0 0 85 79 80 108 81 0 106 72 91 101 74 84 0 74 72 0 102 0 108 108
83 92 94 102 78 93 0 106 108 115 79 90 116 0 109 114 85 0 89 0 111 112 93 82 0
0 0 109 113 102 108 108 0 89 99 95 95 113 103 116 82 119 111 88 117 84 95 0 88 90
101 97 119 130 105 122 134 93 106 105 134 118 95 107 96 0 105 129 129 134 113 107 132 117 108
0 105 70 77 71 0 0 77 75 94 0 74 0 74 74 71 78 105 80 74 80 71 94 0 91
98 90 102 108 94 85 109 0 85 111 96 96 0 76 104 0 78 96 0 104 84 80 108 99 0
