nb_clients 25
nb_jours 12
nb_camions 3
volume_max_camion 1000

demande_quotidienne
83 105 115 0 89 82 101 115 99 100 109 95 0 81 101 77 95 0 0 0 76 111 99 90 113
78 95 72 82 69 0 69 97 92 68 0 99 0 87 0 69 92 78 102 0 90 0 78 0 78
84 67 0 76 69 0 0 79 0 0 0 82 0 0 62 87 71 86 0 78 74 78 84 0 70
80 93 89 90 85 0 69 88 0 0 0 86 97 75 84 92 98 0 0 84 71 0 97 90 72
85 103 97 95 102 114 78 101 0 92 0 108 0 107 97 110 85 0 102 88 77 86 104 105 0
0 81 75 0 75 79 0 87 0 0 0 0 76 91 81 66 82 0 69 0 63 80 75 84 83
87 0 98 102 95 98 0 77 104 104 108 108 94 0 108 78 0 109 86 105 107 86 0 105 90
79 112 81 0 78 0 0 116 116 91 90 91 83 109 86 95 0 81 86 0 90 104 86 112 91
116 120 97 106 119 99 108 107 0 0 98 102 99 104 92 95 87 95 121 0 0 114 104 82 93
72 90 0 73 106 79 93 105 0 0 92 0 82 0 105 0 93 82 96 102 72 90 104 99 87
109 108 0 78 113 0 82 86 78 91 0 79 91 0 0 84 96 104 88 82 76 104 77 105 86
89 84 71 95 91 0 66 81 73 79 0 0 0 0 83 90 0 85 69 93 81 77 0 0 65
