nb_clients 25
nb_jours 12
nb_camions 3
volume_max_camion 1000

demande_quotidienne
0 81 73 0 70 76 75 73 0 0 72 77 69 76 0 71 67 0 67 0 70 76 80 0 67
0 0 0 54 0 58 61 62 54 0 60 58 0 0 56 62 0 60 62 57 0 62 53 0 0
0 89 88 87 72 0 84 80 77 90 80 89 74 77 0 77 77 75 85 83 74 0 80 0 0
78 83 90 83 94 78 90 84 0 81 91 0 90 83 0 78 91 86 84 90 0 0 80 81 80
61 0 74 0 70 62 0 74 76 63 63 61 0 0 0 74 68 0 71 0 0 65 65 74 72
77 81 0 78 79 83 82 84 76 69 0 0 0 79 81 0 75 72 73 68 0 74 70 0 73
95 89 94 96 0 87 88 104 91 86 101 103 100 102 103 0 85 87 103 0 102 101 87 95 87
68 0 0 0 0 65 64 0 63 0 65 75 61 74 61 72 69 0 0 0 62 65 62 74 67
82 83 0 0 86 84 74 88 0 90 83 78 79 82 91 0 87 77 90 89 78 0 0 89 77
64 67 0 66 62 73 0 74 64 60 0 0 69 72 0 0 73 67 0 74 66 63 71 0 0
74 80 0 72 80 65 76 0 68 0 81 75 72 78 71 79 0 0 0 78 68 0 71 73 0
65 69 0 57 69 61 0 0 60 0 0 69 66 0 70 70 68 0 58 64 70 0 65 0 0
