nb_clients 25
nb_jours 12
nb_camions 3
volume_max_camion 1000

demande_quotidienne
70 71 0 81 0 0 68 66 0 0 73 77 71 81 66 70 76 77 0 0 0 68 67 70 69
0 84 75 75 73 0 76 76 84 86 77 71 83 76 84 0 81 0 73 0 0 75 71 0 76
84 92 99 103 92 0 0 89 95 95 100 92 95 96 88 90 92 91 85 0 85 96 101 91 98
75 0 0 79 71 67 78 68 65 73 0 0 0 73 0 67 71 73 0 0 71 77 75 68 71
87 85 104 91 91 106 100 101 91 87 93 89 92 97 0 85 94 104 86 92 105 0 93 0 93
70 71 0 80 77 73 77 0 65 70 0 68 73 0 67 69 72 0 67 71 0 64 0 65 0
0 85 0 83 91 79 87 81 0 81 0 77 77 77 95 80 91 0 79 91 77 90 88 91 82
71 65 66 0 70 0 73 0 68 74 0 69 0 0 74 65 0 73 74 69 78 73 68 74 0
70 70 75 75 0 81 74 87 74 79 0 72 77 0 0 82 71 82 0 84 0 85 86 0 80
0 66 74 69 0 0 0 71 79 0 0 0 74 76 69 79 79 71 72 73 75 0 71 79 79
0 82 92 98 85 102 88 99 0 86 100 98 93 97 94 101 92 92 86 0 0 86 81 98 88
63 0 76 0 65 72 62 65 0 74 0 67 72 76 0 71 0 0 62 62 75 0 63 0 72
