nb_clients 25
nb_jours 12
nb_camions 3
volume_max_camion 1000

demande_quotidienne
76 86 91 0 79 75 84 0 83 84 88 82 77 75 84 73 0 82 87 91 91 0 0 0 79
95 82 91 79 85 77 77 77 93 0 77 86 94 82 0 95 0 90 0 96 88 89 90 0 86
0 66 0 67 62 59 0 61 63 0 0 57 0 0 0 55 0 0 67 66 63 61 0 66 57
76 76 0 80 81 78 83 70 80 0 86 78 0 0 0 78 82 86 87 85 86 0 0 80 85
0 78 95 80 89 85 85 88 94 76 88 77 0 93 0 90 0 85 92 80 80 0 81 76 95
61 68 68 0 0 67 64 0 64 66 0 70 0 0 0 0 65 71 67 60 67 0 68 0 65
82 94 90 96 95 0 94 92 94 90 0 90 81 95 95 97 97 0 93 97 0 87 98 85 95
87 0 75 86 79 74 89 0 75 0 0 73 91 91 79 78 79 75 88 77 0 80 75 0 77
87 93 84 97 87 97 98 87 92 98 88 92 0 0 80 87 90 88 91 85 87 82 87 0 0
76 86 82 72 77 72 0 75 73 89 76 82 0 0 88 0 85 0 87 0 84 82 77 84 87
76 85 92 90 84 92 0 86 76 0 83 79 80 76 0 77 77 0 0 94 80 86 90 82 79
73 86 74 87 77 87 84 77 91 0 87 85 74 82 0 0 0 0 87 89 0 87 77 84 75
