nb_clients 25
nb_jours 12
nb_camions 3
volume_max_camion 1000

demande_quotidienne
65 0 76 0 0 78 74 0 0 58 0 56 74 65 0 64 0 0 74 76 77 74 0 80 61
59 0 0 69 64 76 51 0 53 57 0 71 52 61 52 0 67 72 0 0 75 0 0 0 0
89 0 0 73 70 75 91 0 81 100 89 98 83 88 92 86 95 0 94 0 88 0 79 0 100
74 86 0 105 0 81 107 88 99 101 101 0 108 105 83 0 101 86 87 78 0 96 104 96 0
60 0 62 0 49 0 0 62 52 50 68 0 0 0 61 72 0 60 0 0 0 56 50 59 0
0 78 0 0 0 82 93 0 103 85 80 107 75 89 88 91 79 91 0 95 98 91 105 102 106
121 94 124 118 0 113 125 131 130 102 106 113 103 119 106 121 108 88 112 123 0 89 111 124 123
113 86 82 113 113 97 104 98 115 98 0 117 0 119 0 80 110 82 0 80 99 93 113 104 95
86 0 75 69 0 69 75 93 0 0 0 0 78 66 0 85 90 93 0 0 83 71 89 73 72
0 73 96 84 94 96 0 70 0 80 0 96 75 0 73 69 80 98 94 0 91 0 78 75 0
78 103 87 93 106 86 0 0 110 81 108 95 107 83 98 91 103 0 0 95 109 98 0 98 106
85 0 85 0 76 67 88 95 90 86 92 0 77 69 0 88 101 0 0 0 80 91 82 77 70
