nb_clients 25
nb_jours 12
nb_camions 3
volume_max_camion 1000

demande_quotidienne
0 81 72 0 0 89 74 71 70 68 85 92 80 0 0 0 91 92 84 80 0 72 79 77 68
0 84 85 81 80 87 86 103 107 90 0 101 0 104 0 0 84 81 0 95 85 76 99 87 72
0 0 112 91 114 102 86 97 98 106 91 98 98 84 0 91 89 78 80 78 99 0 0 102 103
106 98 109 91 81 0 0 0 94 0 105 105 96 0 0 91 95 111 103 90 105 101 84 90 79
83 118 92 95 121 111 113 93 86 0 90 95 105 81 82 99 0 84 0 120 116 97 0 97 95
72 65 0 76 84 0 62 71 0 67 77 71 0 69 74 0 66 0 82 0 0 61 0 66 74
99 95 110 0 103 0 103 91 86 83 83 83 0 88 112 116 88 112 82 109 106 111 93 0 82
0 89 0 84 95 0 87 0 0 86 84 0 67 76 84 86 76 95 85 0 88 74 67 67 0
74 74 86 72 73 0 74 70 0 0 77 88 68 0 80 0 91 94 0 65 0 80 67 82 0
0 0 82 80 0 0 0 81 85 90 76 96 97 79 82 85 0 70 79 95 0 76 68 85 95
85 92 113 0 86 114 111 102 108 103 117 99 98 89 0 0 86 78 110 91 84 0 98 0 107
67 73 72 0 91 0 89 85 87 0 66 0 0 95 91 70 0 89 0 91 70 66 0 68 87
