nb_clients 25
nb_jours 12
nb_camions 3
volume_max_camion 1000

demande_quotidienne
82 99 0 67 77 88 87 0 0 86 81 91 75 0 71 78 0 99 0 93 77 89 0 92 0
0 0 82 0 81 68 73 76 0 68 71 0 0 79 63 0 73 72 75 0 57 76 0 0 0
99 115 112 111 0 110 103 95 90 116 94 115 81 0 108 89 90 85 106 101 0 82 0 0 103
81 91 104 90 112 82 104 0 103 86 0 104 105 0 98 80 106 95 92 0 0 90 85 85 85
0 88 0 73 82 0 66 91 94 68 69 0 0 0 85 91 0 92 0 0 84 73 71 91 87
89 0 82 90 92 100 100 102 86 0 0 0 75 92 0 99 85 79 81 0 103 82 0 103 80
102 91 101 0 85 88 90 120 95 84 114 117 112 115 0 86 83 89 0 93 115 114 89 104 87
0 0 0 0 62 69 0 91 0 81 70 91 63 89 62 83 0 0 0 72 64 71 64 88 74
89 0 0 75 97 95 74 0 77 106 92 82 85 89 0 95 100 80 106 105 0 0 105 80 80
74 0 70 65 84 0 87 67 60 0 0 77 83 0 0 86 74 0 87 70 66 82 0 0 79
97 0 79 97 66 88 0 70 0 97 85 80 91 77 94 0 0 0 91 70 0 78 81 0 82
81 0 57 80 64 0 0 63 0 0 81 74 0 84 83 78 0 58 72 83 0 72 0 0 58
