nb_clients 100
nb_jours 50
nb_camions 6
volume_max_camion 1000

demande_quotidienne
49 50 50 59 53 71 69 57 56 67 54 67 49 66 69 53 61 68 60 71 64 59 65 62 64 56 49 48 59 62 58 60 61 64 53 65 53 55 55 48 53 58 53 52 64 64 59 64 69 65 53 62 61 71 64 72 59 66 59 59 62 53 72 60 70 71 62 68 64 55 63 56 63 64 64 59 69 62 62 59 66 71 65 71 62 63 69 55 58 70 53 67 56 72 63 57 57 70 64 65
64 64 68 67 66 61 57 71 54 63 64 59 69 67 50 58 71 48 54 71 51 49 66 68 49 56 66 55 69 51 72 64 52 56 55 54 49 61 70 72 49 49 59 59 53 55 69 48 50 51 50 48 49 71 48 59 56 52 53 71 53 64 70 48 60 66 49 55 52 49 48 59 67 68 71 71 51 57 58 63 48 57 62 65 72 67 71 49 56 72 60 67 70 52 63 55 50 69 69 58
51 48 62 52 64 66 72 60 63 64 58 52 58 56 56 67 61 68 48 70 65 52 69 49 56 49 52 53 53 51 62 68 55 64 70 49 55 55 70 62 50 56 50 66 55 67 67 70 59 56 69 61 56 64 72 48 52 49 60 61 53 51 64 71 50 55 51 51 48 53 72 55 51 54 48 64 69 62 62 57 65 68 60 54 69 72 54 71 61 61 64 48 66 66 49 61 64 66 53 51
69 63 59 48 64 51 67 59 57 70 59 57 48 69 61 51 51 57 54 72 69 48 62 49 61 68 63 62 54 66 67 50 48 57 48 59 57 71 50 55 72 63 54 51 66 59 60 70 62 52 72 59 60 51 56 51 51 50 67 58 68 60 54 70 51 48 67 69 63 72 49 71 70 63 57 59 62 52 59 56 63 64 63 71 71 61 63 69 57 60 55 53 63 67 56 65 61 70 69 70
50 66 71 66 51 50 59 53 65 52 61 50 50 69 68 49 52 57 60 55 70 69 69 58 62 53 64 57 51 52 65 72 61 51 58 64 55 70 64 56 53 53 62 70 55 60 59 72 66 71 52 62 62 71 48 67 60 71 53 60 64 49 63 56 60 56 70 71 61 70 68 63 59 65 58 70 71 69 50 72 71 55 65 67 54 60 69 60 68 48 58 62 64 70 62 68 53 51 48 60
54 71 66 67 60 54 51 60 65 72 54 56 71 66 66 54 63 67 52 48 67 69 61 63 56 64 66 53 62 70 54 72 50 59 48 63 65 69 69 50 72 66 63 69 58 62 56 64 62 48 50 67 72 59 53 72 72 60 56 69 68 71 52 49 53 63 60 62 69 57 52 48 57 65 62 48 59 49 65 60 66 62 54 69 57 63 68 52 63 70 65 70 57 50 56 58 57 58 68 57
68 68 60 64 50 64 68 54 60 67 64 52 64 68 50 57 49 55 62 65 55 64 56 49 51 51 69 60 59 54 58 59 50 58 62 59 53 63 62 57 62 52 70 62 68 54 56 58 53 51 55 63 54 72 69 59 53 59 52 52 55 56 65 68 60 60 71 58 56 71 67 64 66 70 71 58 71 60 72 70 70 68 72 70 57 65 67 68 69 50 59 57 60 63 53 56 59 62 63 50
53 58 60 52 48 51 59 53 59 50 71 72 68 61 48 65 58 55 67 60 65 57 63 68 52 59 58 54 63 51 52 54 58 56 52 61 59 56 50 58 54 55 70 55 71 67 49 58 59 68 72 67 49 52 53 50 61 62 72 56 52 58 64 66 51 58 68 72 70 67 60 55 49 60 72 63 63 67 58 65 67 67 50 66 64 65 69 63 60 70 62 53 61 60 64 62 49 51 62 66
52 51 69 64 53 50 60 57 62 70 48 56 51 69 59 55 53 48 52 61 69 50 58 68 62 49 63 55 50 63 52 65 48 52 70 64 65 49 49 54 65 48 64 58 69 64 55 52 59 63 48 52 65 51 55 51 62 54 49 67 54 68 60 58 67 68 60 70 64 64 72 69 53 64 51 52 68 54 53 60 54 57 58 61 52 61 52 60 58 57 51 65 51 63 56 57 64 72 63 56
55 61 70 52 70 65 69 51 48 67 65 72 54 54 54 60 66 49 68 52 68 48 71 56 70 71 63 65 49 71 72 55 52 67 58 49 70 54 51 52 68 70 65 53 72 50 69 62 68 57 54 53 58 70 56 64 66 50 61 61 69 71 49 62 57 69 51 68 70 71 56 48 54 61 58 56 65 71 60 66 64 71 54 61 72 52 70 53 62 62 59 60 63 67 56 67 54 66 63 62
54 72 63 66 58 57 50 53 59 67 68 63 55 72 67 68 69 66 52 69 57 54 65 57 51 48 48 54 58 49 58 65 56 71 69 58 62 50 61 63 70 48 57 66 66 52 54 52 53 67 72 60 71 50 68 66 62 56 68 50 63 63 55 52 66 57 55 54 67 70 58 66 67 70 60 64 61 55 68 54 65 49 56 69 55 52 67 71 60 61 51 62 60 60 63 60 57 54 55 55
49 65 64 50 67 65 69 48 49 60 70 61 60 55 64 56 51 59 64 59 64 63 66 50 70 62 71 70 55 56 48 48 63 49 52 68 52 54 58 55 65 49 67 52 68 57 72 51 68 65 65 50 69 69 52 61 70 52 49 57 64 69 56 63 49 65 59 72 58 69 51 67 59 51 67 59 59 68 56 63 57 64 67 52 48 49 58 61 68 48 59 69 65 70 49 69 50 70 65 64
67 72 61 61 61 55 53 53 67 49 48 66 72 71 59 69 53 57 48 49 55 66 55 60 50 59 51 67 50 55 55 65 54 51 48 70 60 50 64 56 66 68 55 49 64 64 64 60 61 52 52 61 52 62 71 59 49 66 53 64 62 61 67 68 62 53 63 67 52 59 52 48 56 70 53 52 68 61 66 68 56 62 63 62 54 61 61 56 72 55 59 72 68 49 60 67 48 61 57 48
65 63 66 56 69 56 55 62 70 62 59 64 67 62 69 55 65 65 53 62 57 72 59 61 51 64 69 55 71 68 69 60 51 61 67 62 67 64 62 50 71 60 62 67 72 70 70 71 59 65 59 53 52 55 69 68 53 61 62 63 70 71 53 61 56 58 66 60 57 68 70 56 69 58 69 48 60 66 49 54 62 51 51 48 59 58 67 58 71 60 53 71 58 50 64 67 63 60 67 55
62 51 67 48 59 48 57 63 52 70 70 49 48 58 60 63 68 67 48 63 68 66 54 55 71 67 58 53 58 57 72 60 66 67 71 63 62 72 56 50 64 54 66 59 55 59 59 53 55 65 68 71 67 55 54 66 62 55 60 56 66 54 64 53 48 60 72 63 71 59 68 53 69 54 71 70 67 53 63 67 48 71 52 54 70 54 48 67 50 62 72 68 54 71 53 56 60 67 48 48
59 51 57 49 66 59 63 60 51 50 62 53 52 72 62 68 50 56 52 63 65 50 64 70 57 57 48 65 65 54 50 61 52 53 66 57 62 54 49 70 58 62 49 52 55 67 59 68 57 70 68 51 54 52 55 48 58 51 56 51 59 72 50 64 70 67 52 59 52 61 71 71 54 57 65 72 48 72 48 58 68 52 71 50 65 72 49 52 71 63 61 69 59 63 69 57 57 50 68 52
71 51 48 50 52 59 70 52 57 72 66 69 65 52 50 55 66 71 72 71 55 58 50 53 69 61 54 61 68 69 49 58 61 63 68 65 59 53 64 51 69 49 52 69 60 52 61 72 72 71 55 68 56 67 65 70 51 50 64 66 71 67 53 54 69 67 69 70 50 65 58 52 64 55 55 69 62 69 60 62 51 58 55 49 59 51 60 48 66 51 71 56 59 65 55 58 61 55 49 52
53 52 71 53 60 52 51 68 57 72 61 62 48 51 61 48 70 51 49 54 61 48 54 60 58 52 53 56 56 56 66 55 64 57 57 66 61 63 63 60 72 57 60 53 68 61 57 66 62 64 61 66 70 58 65 50 66 48 56 61 66 62 71 50 64 65 63 64 68 56 53 54 59 51 71 55 54 61 52 64 54 64 60 53 50 57 62 52 72 64 50 71 59 69 53 55 65 49 61 65
49 60 65 72 57 55 53 71 60 55 54 66 55 64 56 65 56 67 56 53 48 68 67 60 64 70 49 49 63 54 65 58 57 71 68 49 62 58 53 62 49 54 59 56 71 62 56 69 64 56 49 71 58 48 61 68 55 53 60 70 69 63 52 61 70 57 50 69 53 72 49 61 50 65 66 52 48 48 59 54 69 68 66 72 65 63 61 69 72 67 70 66 58 51 48 50 54 48 71 64
72 64 48 52 48 57 56 51 48 68 66 48 59 56 51 60 69 69 68 69 53 61 48 55 54 53 67 70 61 65 49 66 56 51 55 66 55 49 54 69 55 69 53 67 48 53 51 66 54 68 55 57 58 70 50 68 54 68 52 66 55 51 59 63 70 53 54 54 60 57 48 50 55 66 57 68 59 57 65 72 57 69 49 72 57 50 63 64 69 52 67 66 59 57 67 61 67 61 68 51
65 53 68 67 55 67 68 52 50 62 50 67 52 63 48 52 60 54 63 59 64 68 52 61 54 51 58 58 57 61 52 55 66 56 63 58 48 71 49 48 51 54 57 49 62 64 72 55 54 55 50 49 48 51 60 51 61 66 66 61 68 64 48 72 71 48 53 51 54 55 50 70 56 64 65 56 51 72 53 72 67 57 54 71 67 50 53 69 48 48 69 51 68 62 62 48 68 66 48 55
70 58 69 50 55 70 56 72 51 53 54 50 61 56 63 51 56 67 67 52 58 60 55 66 55 54 63 62 51 63 60 68 58 70 49 62 49 61 62 71 69 70 70 55 65 61 65 68 72 49 69 64 60 56 51 62 57 57 71 61 55 72 69 72 53 70 55 51 72 48 56 65 70 52 60 61 66 71 49 69 69 52 70 68 49 49 54 49 70 56 65 72 53 53 63 59 69 50 70 61
65 67 53 51 61 57 55 48 68 54 72 56 49 55 54 69 63 64 71 63 62 72 48 49 57 61 64 67 68 64 54 61 51 62 62 64 69 53 65 53 57 67 52 70 65 51 64 53 48 58 71 49 67 71 67 56 68 60 58 67 67 66 68 52 50 66 55 52 66 58 70 58 49 54 67 49 54 59 49 48 72 69 63 60 67 52 70 49 67 68 61 50 58 53 64 64 55 51 56 56
58 63 71 69 56 62 71 54 58 65 48 67 48 71 67 71 66 51 61 61 61 67 62 66 56 61 72 48 56 48 48 53 67 68 59 54 54 50 65 59 57 58 49 51 58 69 71 57 53 69 52 56 56 63 64 65 72 65 56 57 66 58 64 72 66 65 62 61 60 50 60 50 64 52 51 58 60 63 72 69 66 50 71 61 60 62 67 56 63 48 65 63 65 59 68 61 71 54 67 50
48 53 69 56 70 48 57 49 69 61 72 57 60 70 55 69 61 64 56 67 60 60 56 48 56 53 57 48 54 48 54 53 58 56 66 54 72 69 70 58 60 66 52 48 49 51 55 61 69 51 60 57 52 56 54 60 49 69 61 61 58 50 54 62 52 70 65 68 62 60 63 70 56 67 55 61 62 55 68 63 68 56 54 69 63 60 48 56 64 56 57 58 54 66 68 61 49 50 51 53
53 58 57 65 55 68 54 72 68 50 51 64 56 64 62 58 64 72 52 54 55 51 57 64 63 72 63 62 68 70 72 64 58 57 52 62 62 48 61 64 60 53 55 67 58 64 61 57 62 52 56 59 68 61 69 69 69 49 53 72 59 70 69 64 66 54 66 66 61 58 65 54 56 69 52 72 69 57 66 67 55 68 66 50 48 69 65 70 71 72 63 48 65 54 48 50 65 68 58 53
60 53 67 66 72 57 61 58 52 66 68 48 69 64 66 72 62 48 60 71 53 53 55 69 51 62 54 58 55 50 57 49 51 56 61 51 70 51 54 70 60 54 61 66 70 55 63 68 68 54 50 52 65 50 59 71 54 54 59 70 63 59 56 53 62 72 68 64 56 65 66 50 48 64 65 52 58 65 55 55 55 55 72 61 70 61 57 52 69 57 69 48 61 64 69 68 62 52 57 58
64 66 51 52 64 70 69 60 67 59 49 70 61 63 60 72 71 50 50 63 62 63 70 49 70 69 53 55 71 59 60 58 69 67 58 67 56 66 69 72 71 70 65 62 66 61 61 70 71 52 64 67 52 54 71 54 68 54 51 49 49 61 50 60 65 62 53 58 60 52 72 48 48 60 61 67 52 53 72 65 57 72 52 51 51 53 54 54 70 54 51 58 49 55 58 49 64 71 72 69
65 52 58 49 64 70 57 55 52 65 55 71 55 70 62 49 65 64 60 57 70 63 64 49 53 66 55 50 59 48 63 67 48 72 61 51 55 60 58 67 70 63 51 55 62 50 67 68 64 65 55 52 48 63 62 58 67 62 63 62 72 57 52 67 67 57 66 63 57 50 51 48 61 71 51 58 49 57 72 48 54 66 52 59 68 68 59 68 52 50 56 67 51 50 52 66 55 48 57 66
53 70 49 60 59 50 57 63 68 62 53 72 66 49 72 55 60 71 56 70 72 72 58 53 66 66 62 58 50 57 57 54 50 50 58 64 63 65 48 69 52 68 59 59 57 72 63 64 48 52 69 66 59 70 65 66 53 56 56 56 52 69 72 48 61 52 60 60 71 51 64 68 59 61 58 56 58 63 49 57 60 57 50 50 72 68 71 63 52 53 69 51 61 65 56 64 60 48 68 62
71 49 52 54 48 52 62 71 63 48 55 71 65 71 71 71 72 68 71 55 68 64 68 72 50 70 57 66 52 54 65 62 54 57 63 71 50 52 63 49 55 56 56 67 48 49 66 58 64 56 60 62 64 72 70 68 48 59 67 69 59 55 56 48 49 59 60 48 67 64 55 62 51 72 68 62 48 70 65 62 58 53 62 58 72 67 57 70 67 58 56 52 70 65 65 60 57 49 56 68
58 64 70 65 61 65 57 69 53 50 69 52 57 66 60 59 65 63 50 72 67 56 69 62 57 51 69 65 66 72 70 56 57 51 67 65 71 67 51 72 67 61 71 68 68 49 72 48 66 61 68 54 58 54 62 65 57 70 62 58 59 60 58 48 65 64 68 69 63 55 63 71 54 68 65 62 69 67 67 71 67 54 51 60 65 52 60 66 60 53 66 69 60 58 72 48 60 61 68 57
49 57 51 55 65 71 56 57 48 71 49 58 48 59 57 70 70 72 60 70 72 61 55 52 72 66 49 68 64 63 66 62 72 53 54 61 63 65 65 49 51 50 61 57 61 58 56 65 54 68 65 71 61 50 68 51 69 54 48 72 70 62 50 61 67 53 69 67 66 69 50 70 59 61 65 63 67 66 60 56 48 71 54 48 63 65 49 52 66 64 60 63 68 61 59 53 71 54 57 60
61 49 61 61 54 60 64 59 65 52 63 65 64 72 54 70 58 67 50 59 66 49 51 52 69 66 53 62 56 62 72 51 51 66 58 48 63 66 57 71 56 64 54 54 57 62 53 54 71 60 71 56 65 70 66 70 67 49 58 48 59 57 61 57 68 62 69 59 72 70 56 54 68 66 60 53 57 62 68 59 51 62 60 52 71 59 71 68 65 63 48 54 71 57 66 49 68 48 69 50
67 52 50 48 48 54 71 53 64 48 59 65 59 50 50 63 69 70 69 55 61 71 56 55 67 61 49 53 70 59 55 57 61 60 61 72 54 53 60 72 63 56 53 60 71 60 55 54 51 65 61 63 51 49 51 55 63 53 68 55 52 59 68 49 59 48 65 57 55 54 57 53 48 56 63 67 64 66 63 69 53 68 61 71 53 50 49 54 60 62 50 58 52 50 67 68 57 60 72 56
52 65 64 51 65 60 72 53 59 52 64 58 60 66 50 53 51 70 56 62 72 66 55 55 60 56 53 54 72 60 68 64 68 58 50 57 70 63 68 72 56 72 48 61 57 57 56 69 48 69 70 56 56 72 66 63 49 67 69 69 60 54 70 50 67 61 58 51 56 64 59 64 51 58 57 55 52 50 66 71 65 50 61 52 53 72 52 61 63 66 59 65 50 69 61 58 50 67 50 62
53 61 55 70 65 58 61 68 64 63 68 72 68 55 59 69 63 72 67 48 56 64 54 49 58 70 66 57 65 55 59 49 62 57 50 59 61 68 70 67 53 52 51 64 54 72 55 64 70 66 55 62 57 69 65 71 65 59 54 66 49 53 71 58 65 59 58 68 61 59 67 63 53 66 70 72 54 57 61 59 54 71 66 56 67 54 72 64 62 65 62 69 55 72 63 68 67 58 67 72
57 58 65 66 59 48 62 69 61 58 72 48 56 54 60 48 64 54 49 63 70 53 59 62 60 66 72 63 71 65 48 54 55 58 51 54 53 55 70 55 72 57 70 51 65 52 67 67 49 52 72 48 71 62 66 49 68 66 55 59 59 67 66 49 69 56 67 54 68 66 65 63 55 53 58 60 65 55 71 69 71 52 69 53 68 57 55 62 72 56 56 55 61 59 54 61 71 50 50 51
53 59 72 60 61 62 53 48 62 52 63 61 50 61 65 53 57 55 70 70 51 72 50 64 55 66 63 56 55 62 66 59 58 61 61 54 53 72 51 62 48 58 57 60 50 63 62 52 52 57 54 62 54 61 58 54 55 70 54 64 56 66 61 63 64 70 63 69 55 52 49 55 68 56 49 66 60 63 59 71 58 55 58 71 62 67 66 69 65 64 58 58 53 62 71 68 60 54 50 62
57 58 53 63 51 64 67 48 51 59 58 61 58 56 53 65 51 53 58 67 72 55 57 71 57 65 72 60 71 67 66 58 62 55 68 51 64 64 59 58 66 51 71 50 54 58 65 56 71 50 68 62 56 57 50 66 69 68 51 53 48 67 51 68 62 55 62 71 68 69 51 59 63 67 64 70 56 50 56 52 69 58 61 60 54 63 57 66 61 51 61 60 50 48 69 63 57 54 49 72
48 57 53 65 64 58 52 63 59 54 65 56 48 70 66 69 65 64 59 58 69 61 60 61 57 61 48 55 50 57 69 67 48 57 68 63 60 63 68 63 51 59 59 66 70 64 55 69 59 51 52 68 60 67 59 68 63 49 65 57 50 53 57 64 71 53 68 52 49 53 69 69 50 54 48 56 65 68 59 49 57 50 51 56 61 58 54 61 51 72 53 51 49 63 52 63 66 57 60 63
70 51 55 60 59 49 71 70 59 57 69 62 70 48 48 63 51 71 53 63 62 65 61 48 55 71 49 50 68 70 63 72 68 71 48 56 67 63 56 55 61 51 55 69 71 55 71 65 67 67 72 72 51 54 50 49 64 66 67 69 57 51 65 56 71 67 65 66 48 48 72 56 67 50 64 55 68 60 68 56 54 52 63 61 72 49 69 71 61 67 50 55 56 51 57 70 57 52 53 53
49 51 52 62 67 72 63 52 66 71 71 48 54 66 67 66 54 70 61 65 54 52 55 58 70 58 59 57 50 60 71 51 69 52 56 51 58 60 63 62 57 50 59 59 50 63 72 51 59 67 65 63 68 60 67 68 60 50 66 67 60 54 69 50 56 48 54 71 63 64 66 55 52 58 59 65 65 59 66 48 58 53 52 50 58 71 54 72 70 48 71 71 61 67 70 50 64 56 66 61
61 57 70 67 59 65 58 57 63 61 61 62 50 51 58 50 68 64 49 65 68 49 62 53 52 59 54 50 72 50 48 51 54 52 63 49 64 52 64 64 65 65 61 62 64 51 60 65 54 62 66 67 69 63 50 59 65 49 55 62 61 50 48 65 55 62 66 50 59 65 62 69 56 71 57 57 68 50 52 49 53 50 61 54 48 56 62 68 56 48 70 68 65 53 53 51 61 51 48 48
62 57 51 58 51 56 62 59 64 53 56 52 69 57 48 55 70 57 61 48 70 63 51 50 55 49 61 61 62 56 55 50 51 57 69 65 63 57 71 60 71 62 63 54 50 71 50 72 53 60 59 70 48 54 64 61 71 66 67 62 63 48 54 50 65 70 67 52 58 66 59 62 53 60 63 63 59 72 59 66 68 58 53 63 48 70 57 69 64 48 69 68 72 70 56 54 49 68 48 68
57 60 71 51 66 72 55 55 57 49 50 60 52 52 72 65 51 57 72 65 56 69 71 49 66 69 55 62 48 71 63 70 64 62 53 69 65 52 48 60 53 57 58 52 63 59 68 56 65 56 51 67 53 70 71 58 64 59 68 68 60 50 71 68 59 56 48 55 72 50 55 48 68 54 51 56 60 56 50 54 51 52 52 55 55 57 48 67 66 64 64 70 69 67 61 58 65 64 52 57
56 63 60 61 62 66 60 51 62 59 61 70 50 63 65 49 53 66 55 68 64 67 64 56 65 49 52 64 56 49 69 50 72 62 57 61 62 56 65 50 57 52 61 60 63 71 69 55 65 53 70 67 66 70 48 55 61 61 70 56 57 48 57 70 64 67 63 55 52 52 71 72 54 66 57 70 69 56 68 65 58 59 64 58 72 50 62 58 60 66 56 62 50 50 67 52 55 69 50 63
52 53 59 54 58 71 67 49 58 51 54 52 63 67 64 60 64 49 60 62 65 57 70 59 55 70 57 61 48 70 49 60 51 71 70 71 71 64 49 51 69 68 70 48 53 72 71 68 59 61 52 53 67 54 53 48 52 64 64 59 62 64 59 52 65 72 64 59 57 52 59 70 48 66 70 51 52 50 70 55 66 56 67 58 60 62 49 50 67 62 59 63 50 66 63 63 56 67 61 65
69 53 53 52 68 71 68 53 68 56 70 50 68 56 58 58 54 62 56 56 62 54 71 71 60 56 71 49 66 53 51 63 66 70 71 72 50 60 58 71 63 50 67 54 57 65 63 64 71 50 49 56 54 67 66 51 49 48 72 49 69 63 60 68 62 66 50 57 61 58 49 60 68 56 62 70 65 55 51 68 51 49 71 68 63 70 55 71 66 67 56 60 67 59 62 71 57 56 60 67
50 62 60 54 68 62 72 65 68 59 48 61 55 71 65 50 50 62 66 72 59 49 51 70 54 51 48 68 69 65 63 48 63 53 61 70 51 56 67 56 65 70 54 62 56 67 59 55 72 70 61 58 59 69 70 51 67 54 69 48 63 55 71 55 56 60 48 61 62 49 61 55 66 63 68 58 67 49 65 69 64 54 51 49 49 63 54 51 58 68 72 59 53 61 57 55 49 54 62 48
