nb_clients 100
nb_jours 50
nb_camions 6
volume_max_camion 1000

demande_quotidienne
52 66 72 50 56 51 63 72 62 63 68 60 54 51 63 48 60 61 67 72 72 48 70 62 56 71 55 66 51 58 48 48 48 68 65 48 60 69 54 61 71 48 64 55 72 62 63 65 55 59 55 69 55 72 62 57 48 61 65 68 51 53 68 71 57 51 71 58 71 70 64 61 64 69 54 57 57 66 63 64 60 66 49 63 55 71 60 61 69 53 59 65 70 72 69 71 59 50 62 69
64 51 72 53 64 60 59 63 71 48 63 49 57 70 67 66 66 60 68 53 53 64 55 48 72 54 65 65 55 60 64 59 66 59 62 56 69 65 67 71 48 60 71 64 52 64 72 65 54 61 49 63 59 66 65 54 64 61 63 59 61 59 48 65 65 67 67 58 62 67 48 55 68 53 65 66 53 50 65 56 49 69 50 50 48 62 48 72 72 56 55 56 51 67 53 59 57 50 53 53
56 64 53 69 56 68 70 57 62 70 58 63 63 51 48 57 60 58 61 54 56 51 56 71 64 54 67 61 48 55 48 60 52 49 71 53 62 70 64 69 61 65 55 68 70 64 62 55 64 68 48 60 69 66 58 69 68 61 49 71 57 52 54 49 57 50 50 57 57 71 53 61 66 56 52 48 65 49 66 54 66 62 53 72 70 67 64 49 60 54 59 51 54 66 69 61 66 54 63 51
69 60 57 64 63 48 58 67 60 57 48 53 54 58 66 52 58 61 54 56 69 51 60 65 59 69 65 63 72 65 55 50 71 49 50 52 53 53 65 54 56 72 58 67 64 56 59 58 58 51 57 55 67 72 70 63 52 66 65 72 51 58 49 61 50 60 52 52 58 51 67 66 60 50 66 65 55 66 50 56 59 57 66 65 51 62 56 51 49 57 48 67 69 48 50 61 51 49 54 55
66 61 53 51 62 53 69 55 53 71 51 61 60 65 57 65 56 70 63 58 51 54 68 58 49 48 48 57 71 67 58 62 60 58 60 50 50 58 67 62 51 56 54 67 72 65 70 63 69 59 56 53 65 54 57 54 55 59 50 56 50 72 62 50 68 66 68 58 55 60 57 49 58 53 58 66 57 55 58 51 65 67 66 67 50 55 55 48 55 60 50 56 65 50 71 50 48 68 48 57
72 59 63 63 52 51 64 72 58 50 64 69 53 53 72 52 52 58 57 51 70 64 67 57 52 54 52 65 71 49 72 58 67 69 65 71 70 54 53 57 61 65 53 49 70 69 55 56 72 50 69 62 61 65 56 65 62 65 62 48 60 58 53 56 63 48 68 61 66 48 49 70 59 66 52 66 52 52 56 56 60 66 60 53 67 50 55 63 48 53 64 58 64 68 62 69 68 71 55 55
58 63 69 63 55 70 61 58 65 67 71 68 56 68 55 49 50 72 64 68 59 53 64 72 54 57 57 70 57 65 59 53 70 70 71 62 67 50 51 67 64 66 60 53 52 56 61 54 66 71 72 49 63 69 60 70 68 59 60 64 53 65 71 49 64 50 56 68 51 56 71 50 52 72 67 69 69 70 50 62 55 60 61 60 53 58 62 52 67 63 54 51 61 67 65 61 51 69 57 56
55 60 71 65 48 54 64 62 66 48 48 68 67 55 56 54 53 57 52 65 54 56 57 66 72 56 69 62 53 65 59 63 61 51 72 54 66 60 54 57 51 48 51 66 71 48 65 57 69 72 71 68 52 50 64 59 66 57 61 64 69 59 72 64 58 48 51 62 70 62 59 57 65 60 58 71 69 66 63 51 68 60 60 54 65 48 56 68 67 71 71 71 64 54 62 67 64 61 71 70
57 70 53 62 67 69 64 54 59 64 48 69 60 66 61 60 58 67 66 71 70 71 50 63 71 55 68 68 57 68 48 61 71 68 52 68 72 60 56 53 72 50 72 67 48 59 56 70 61 69 65 57 52 62 56 63 53 62 64 49 56 64 51 71 66 61 50 59 50 69 62 48 53 64 70 53 70 50 60 68 70 56 67 57 54 64 54 55 58 56 50 50 70 64 69 59 62 64 65 71
49 53 57 68 71 70 65 56 59 67 71 55 60 65 60 53 63 56 67 58 70 55 56 67 70 55 69 48 67 60 58 61 72 55 56 54 50 68 71 53 66 62 66 71 52 67 56 62 64 53 52 72 52 70 62 59 57 72 60 55 51 70 54 70 69 57 50 51 55 60 58 63 51 53 49 49 67 48 72 54 69 49 63 70 64 71 67 62 58 69 56 51 67 70 53 51 55 60 55 63
62 60 72 53 55 55 57 62 65 66 60 54 62 70 56 58 63 66 51 54 50 49 48 48 63 58 60 66 57 54 60 53 72 68 52 48 48 60 52 69 65 49 66 60 56 52 50 62 68 57 48 49 65 49 64 52 49 56 72 51 61 50 54 48 63 68 52 71 56 69 54 69 62 60 58 68 56 56 68 68 55 55 49 66 66 53 59 61 67 70 65 68 64 49 59 65 61 65 54 70
65 61 69 50 70 56 71 67 71 72 50 56 53 51 52 49 54 61 49 49 68 50 64 63 64 59 51 58 49 52 65 49 62 69 52 60 72 70 62 48 71 64 56 50 56 58 50 57 49 60 49 71 56 58 71 52 56 60 51 69 57 51 61 55 64 65 54 58 58 64 60 66 63 51 52 68 62 64 65 71 66 70 64 65 48 57 71 53 54 59 60 64 58 51 61 59 52 66 50 49
57 68 65 58 61 57 58 59 56 58 71 71 64 64 48 64 51 52 58 71 58 58 66 50 62 56 63 62 59 71 60 50 66 49 52 49 64 63 66 56 55 70 66 71 58 59 68 59 60 57 62 67 58 65 64 53 48 52 56 69 55 66 52 51 53 72 61 71 67 49 51 65 69 56 70 51 54 56 50 68 66 64 68 50 50 54 68 53 64 61 48 66 59 63 70 57 55 54 67 63
55 61 62 69 59 65 54 63 71 50 56 61 54 48 71 65 72 60 64 63 50 60 67 64 66 66 61 49 59 62 48 54 57 70 70 68 48 65 51 57 64 71 58 72 65 68 66 65 57 64 61 65 64 61 67 68 66 57 62 57 52 64 62 66 52 65 72 53 56 68 48 61 71 69 66 49 59 61 60 57 69 72 69 48 50 50 48 60 56 62 56 59 68 71 63 72 58 60 62 51
63 59 52 61 52 48 53 56 59 52 66 57 61 56 64 57 71 61 70 56 61 58 72 63 54 70 63 60 70 61 50 50 52 54 52 55 71 48 51 56 52 63 72 51 60 68 71 53 48 50 61 67 49 65 54 65 61 59 49 68 51 71 65 69 61 69 71 51 56 69 56 53 63 70 49 54 69 68 50 60 51 69 62 57 69 64 63 60 51 67 63 51 52 60 67 70 54 53 64 56
61 71 65 57 63 68 65 54 72 67 58 63 51 48 72 71 69 59 70 56 49 65 68 62 57 72 51 55 64 56 56 70 55 61 52 52 56 54 61 65 68 67 49 65 67 64 52 61 56 56 63 70 57 56 63 54 63 59 67 63 55 58 53 67 72 53 71 66 70 62 65 52 49 64 58 64 70 52 68 72 54 58 67 63 63 58 51 52 52 70 56 55 50 68 65 70 49 66 53 69
51 55 66 54 64 66 69 57 61 58 48 72 48 57 67 55 50 71 55 56 69 68 58 56 67 71 64 60 48 51 58 59 52 51 56 72 52 69 66 49 59 50 50 71 51 57 58 55 56 64 49 59 48 50 52 60 59 71 68 70 55 51 69 58 56 48 64 58 51 59 68 71 52 67 56 60 50 69 66 67 71 64 63 66 61 65 60 57 55 68 57 65 52 49 67 64 51 53 55 54
61 56 65 48 56 65 56 64 56 63 52 60 70 51 71 59 50 68 65 59 65 65 71 64 69 66 48 67 57 62 69 52 52 50 66 52 69 54 63 72 58 59 57 53 52 60 62 60 51 67 52 56 57 69 69 68 67 48 65 48 68 52 60 71 65 51 62 48 72 61 67 69 61 56 59 61 60 67 62 49 51 63 72 49 68 70 70 48 49 51 66 52 64 64 72 59 65 56 66 68
59 63 70 55 67 55 51 65 59 53 51 72 49 70 58 61 71 59 56 69 68 72 49 67 61 61 60 59 57 72 58 62 70 55 68 67 64 52 49 58 69 51 64 53 65 68 68 63 58 72 70 51 66 48 63 54 60 68 53 60 70 55 51 55 58 58 69 55 69 62 71 63 59 63 68 72 69 71 54 61 62 60 65 51 66 63 56 52 52 48 60 61 51 48 68 50 53 62 72 60
69 64 57 52 52 64 51 56 48 62 60 68 70 71 55 65 70 60 48 65 55 61 53 69 53 58 69 55 50 72 65 65 53 53 60 66 48 64 54 61 55 49 64 71 54 70 64 70 67 68 65 50 55 60 72 62 51 66 68 49 60 50 65 51 68 63 49 64 55 72 48 48 57 62 56 71 61 53 67 52 65 70 58 72 65 68 62 64 61 65 53 70 60 70 60 54 63 56 59 52
56 66 56 53 72 71 67 50 71 59 58 52 56 56 56 59 60 56 66 62 48 52 52 56 55 54 50 66 65 67 54 65 61 70 55 66 52 65 62 60 70 54 50 68 50 52 69 49 48 71 60 60 61 69 52 66 67 52 69 65 65 50 55 60 52 57 54 69 71 60 59 71 53 55 57 70 52 59 63 65 57 50 64 57 54 70 62 48 57 67 66 51 67 59 72 62 56 67 49 49
58 53 52 68 51 51 61 68 66 55 71 54 64 64 60 51 70 54 60 69 64 52 70 66 56 71 48 70 51 54 72 66 60 69 63 65 67 55 56 49 68 53 69 69 65 64 55 61 56 72 69 61 60 56 63 51 69 52 53 65 48 62 72 49 63 54 60 71 65 58 55 51 50 69 71 49 61 62 54 53 67 64 54 64 60 64 59 54 55 59 69 66 72 72 50 58 49 62 49 67
53 52 57 63 49 66 64 50 66 60 50 60 64 66 68 57 60 56 59 63 49 65 63 48 61 57 66 71 58 52 67 66 65 56 50 67 72 59 61 60 64 48 66 66 51 49 66 64 48 51 58 58 59 72 65 49 68 59 66 50 63 68 50 65 62 58 64 65 48 53 58 59 54 52 66 52 66 51 60 58 64 61 59 58 56 67 59 49 70 50 72 68 55 56 72 60 65 57 66 67
50 50 70 53 56 61 50 52 57 65 71 68 56 55 54 51 56 71 63 49 71 64 57 54 65 50 65 58 58 57 64 52 49 62 59 71 49 48 58 61 71 53 65 49 70 66 70 69 68 64 61 53 54 55 51 66 52 66 64 51 71 56 62 54 49 59 62 58 67 71 59 55 68 48 48 63 49 53 56 65 49 48 55 72 50 64 53 49 64 54 54 62 57 55 63 64 59 58 60 68
50 54 67 53 54 69 67 57 66 61 67 63 59 48 63 48 51 69 68 66 69 67 61 70 66 58 58 50 68 61 54 70 64 63 67 66 69 65 64 63 67 69 71 66 72 62 67 63 53 56 69 64 57 66 72 60 67 65 56 56 57 48 67 72 49 62 62 59 55 64 62 54 70 63 58 70 68 52 60 61 49 68 51 59 48 56 72 65 71 49 57 60 48 58 58 57 66 49 54 70
50 58 51 69 68 50 52 72 70 57 61 67 58 55 48 68 70 70 53 72 72 72 64 71 66 68 59 57 57 60 61 64 62 50 54 61 55 67 49 67 55 68 55 55 70 60 60 54 67 52 71 57 71 71 59 48 70 70 69 57 62 63 53 69 52 48 59 61 65 58 64 63 58 67 51 66 68 57 65 69 56 61 48 57 72 50 68 63 51 64 55 67 71 68 71 56 61 59 55 49
51 67 64 64 64 53 52 57 49 50 54 48 69 49 61 71 70 48 50 49 48 49 65 58 58 48 67 48 65 54 63 54 56 57 66 65 64 56 55 53 54 60 49 55 65 70 62 49 58 58 61 51 48 66 53 64 68 50 72 53 54 55 53 57 51 49 58 71 52 50 62 52 55 49 71 57 59 49 66 50 62 54 55 69 53 51 49 54 49 71 71 51 50 71 55 57 70 56 64 61
55 71 49 71 56 72 54 58 59 59 62 72 69 67 60 69 60 50 61 55 63 58 53 67 68 51 55 50 72 61 56 65 57 58 72 59 61 62 59 59 58 60 63 64 48 59 52 57 53 57 66 52 65 70 71 52 53 62 68 68 52 52 53 50 67 56 55 59 68 58 53 56 63 57 50 61 52 65 59 62 51 52 69 58 50 69 53 63 65 49 49 71 54 68 59 71 59 64 59 64
68 69 59 58 68 51 53 60 49 56 67 70 54 49 55 57 58 66 60 55 59 72 49 55 57 70 66 48 54 51 52 55 59 64 56 52 53 55 50 57 66 64 64 65 67 65 61 62 66 64 63 53 64 59 54 61 50 56 54 55 72 52 52 72 54 48 53 63 59 53 49 59 50 67 55 69 70 54 50 62 68 68 54 67 58 53 66 70 69 70 48 54 58 63 65 49 49 59 63 65
59 52 63 50 64 58 69 71 66 69 57 67 58 66 50 63 58 61 50 56 50 69 68 58 48 53 58 55 58 56 56 57 63 61 48 57 53 68 57 49 51 61 61 67 54 56 59 72 68 71 66 63 66 57 67 56 69 53 58 52 59 51 60 59 64 71 66 70 54 60 62 52 63 70 55 49 71 68 55 50 71 50 49 64 64 63 66 63 70 58 64 53 66 70 63 60 48 60 65 71
65 71 62 53 66 66 59 49 71 59 59 62 55 70 68 69 65 57 50 62 72 59 54 53 52 62 49 59 66 58 53 66 63 63 48 66 55 67 49 62 68 53 64 54 60 62 51 58 56 52 53 58 52 53 71 67 64 57 55 65 70 61 62 62 64 65 57 53 64 67 64 57 66 54 57 69 52 69 48 58 51 61 60 70 68 64 71 53 67 62 62 65 62 59 54 49 50 71 51 51
65 60 52 62 60 53 63 62 64 66 49 66 54 66 62 63 60 57 59 72 72 53 67 56 53 72 48 65 49 69 50 65 55 62 58 62 58 71 51 60 49 71 62 56 61 62 58 64 51 53 60 65 61 67 71 63 64 52 58 52 59 52 67 54 55 54 62 68 52 51 70 51 61 49 62 52 59 65 58 56 60 48 60 63 70 62 57 71 70 57 68 66 60 58 72 57 53 51 63 53
62 52 62 51 65 51 65 58 58 63 69 65 68 58 71 66 58 65 66 62 58 63 70 60 65 54 53 55 65 54 67 55 49 72 58 67 72 49 58 61 48 59 59 59 67 67 69 61 54 57 55 58 60 70 60 69 72 53 48 60 68 59 67 72 67 55 55 50 67 58 60 54 70 57 51 61 48 59 50 61 52 51 65 71 53 72 58 52 60 61 58 65 68 70 64 56 54 54 53 53
65 53 52 51 62 66 64 52 61 52 58 67 71 70 69 58 67 52 48 59 72 53 55 55 70 63 66 63 49 68 50 52 65 63 66 52 54 59 70 52 56 71 59 50 60 63 48 64 62 54 71 55 54 70 48 71 70 57 49 56 64 54 50 51 72 51 60 58 51 62 70 66 64 70 68 63 69 56 52 61 59 68 59 72 60 61 61 59 65 54 54 50 52 55 55 48 55 69 60 62
67 62 66 51 49 53 64 48 49 61 56 61 52 55 70 72 69 59 61 72 58 66 71 49 64 62 52 70 64 59 66 49 59 51 55 68 68 51 61 52 48 59 52 52 57 48 63 68 48 63 50 72 66 61 50 63 65 67 64 51 52 65 69 70 60 68 67 65 61 55 64 60 63 71 58 62 51 50 54 66 67 70 59 51 51 59 51 54 51 70 68 66 50 48 64 61 55 50 57 63
67 49 66 61 65 57 60 68 49 69 67 48 56 67 63 62 55 56 58 72 63 62 65 49 56 64 53 71 70 62 62 57 66 66 53 58 64 69 60 72 69 70 61 69 65 67 60 63 72 68 55 57 48 50 52 63 51 59 56 57 65 57 52 51 64 52 62 49 62 63 71 66 58 65 59 52 70 48 65 54 72 56 67 50 62 57 48 68 56 71 64 70 48 66 60 51 51 69 58 67
67 68 70 70 66 62 50 67 63 64 58 66 69 49 54 53 49 67 51 49 51 65 64 57 72 54 53 65 52 55 54 50 64 59 70 66 61 56 67 52 57 66 55 50 67 56 49 48 61 67 57 63 61 61 50 53 54 72 69 49 68 72 61 61 59 59 64 52 53 55 55 49 59 50 62 58 54 55 56 52 70 70 64 60 51 63 69 71 67 48 63 57 56 72 70 57 54 52 70 68
60 69 49 72 60 62 65 48 52 55 63 68 51 57 70 67 61 54 64 58 51 55 55 63 66 51 53 63 59 70 68 67 68 67 61 60 65 61 72 48 68 60 52 61 52 49 57 60 67 61 68 51 54 67 56 63 67 61 56 64 72 51 58 52 65 70 65 56 69 69 48 65 69 71 51 72 59 62 56 72 51 57 52 50 61 70 60 48 63 66 71 52 72 72 65 60 63 72 55 64
48 60 49 61 67 50 55 69 49 62 50 57 67 49 59 72 49 50 50 49 66 57 59 57 50 65 63 67 59 58 72 53 68 59 64 55 58 67 55 55 68 72 70 54 57 57 65 58 70 57 66 48 69 63 56 69 55 52 55 53 50 56 60 54 52 53 65 67 50 58 60 70 54 53 49 62 54 60 51 70 57 72 55 71 68 57 64 68 62 58 50 50 50 55 51 64 62 70 65 62
48 67 53 62 61 65 51 54 48 55 57 54 64 67 57 57 56 59 56 57 49 48 48 68 72 62 49 54 50 58 62 69 57 51 55 69 51 54 48 54 68 52 67 67 69 69 48 62 71 48 65 55 63 53 65 48 55 52 50 48 52 58 66 50 64 65 56 54 60 48 65 56 59 56 65 60 60 64 64 65 62 56 50 53 72 63 66 60 52 67 54 64 48 64 49 58 52 55 58 60
49 61 71 66 63 64 50 70 49 52 65 61 65 60 65 56 66 49 54 54 57 70 60 57 64 48 66 56 54 65 64 71 65 53 55 50 54 63 53 49 69 60 57 48 52 51 49 70 66 61 63 53 54 66 62 69 51 69 60 55 50 52 58 64 63 63 64 69 59 61 66 55 62 56 60 59 60 66 55 60 67 51 53 69 67 68 59 50 48 61 66 63 49 72 62 51 68 68 72 55
62 59 64 50 58 69 49 56 66 64 72 67 58 52 66 53 61 69 57 70 62 71 55 63 71 60 48 64 56 51 57 56 48 66 50 58 68 64 69 53 55 57 71 50 53 62 59 60 68 72 62 69 63 69 69 51 66 63 66 50 69 49 49 48 56 49 56 57 53 65 63 67 70 69 58 48 62 58 55 55 59 71 70 49 48 62 64 54 60 52 53 55 50 60 49 53 58 48 62 65
67 64 53 49 61 55 56 69 64 62 54 49 67 70 60 61 60 64 61 56 62 58 66 48 50 63 71 71 61 53 61 53 65 64 72 64 71 64 67 53 56 61 71 63 57 59 70 62 60 65 60 57 55 59 65 65 70 70 64 55 56 48 69 50 56 70 60 53 56 72 66 56 63 48 53 63 51 55 52 51 60 49 53 50 51 62 65 71 68 62 48 49 56 49 64 63 71 68 54 59
67 62 51 58 58 60 68 60 57 50 55 71 62 65 59 61 61 70 71 71 61 66 56 53 52 49 58 59 60 50 68 66 58 66 53 52 72 71 68 51 65 54 63 70 55 59 67 64 68 70 53 72 54 57 53 71 52 68 60 61 63 59 70 72 49 65 50 48 59 55 52 54 60 62 64 66 56 61 67 58 63 58 50 66 67 49 72 52 65 71 63 53 50 48 50 48 53 56 54 71
62 60 70 65 64 56 70 69 56 65 60 51 70 60 62 55 50 71 71 58 52 69 67 48 68 70 60 68 49 57 59 72 69 48 70 67 62 58 66 48 72 65 58 71 60 70 72 71 49 66 69 62 69 70 68 51 61 60 71 51 66 48 48 72 65 67 61 72 59 53 60 71 49 52 57 64 70 67 61 68 53 66 63 71 57 66 67 56 71 69 49 72 60 65 66 61 52 58 53 62
60 66 65 69 52 64 68 50 67 66 67 60 56 60 63 71 49 68 71 57 53 68 56 60 56 51 56 48 51 69 51 62 52 62 55 55 49 55 50 51 51 71 49 66 69 51 49 56 61 52 59 51 49 60 67 67 55 53 65 66 63 53 59 67 60 64 66 69 53 58 64 50 68 72 49 48 66 57 51 62 50 48 69 49 71 56 65 57 66 67 72 56 62 60 51 68 55 57 68 69
72 52 64 64 71 48 59 70 62 51 61 69 52 56 51 59 56 72 54 58 67 52 65 55 67 48 55 70 63 59 68 52 61 69 58 61 67 62 51 56 49 64 57 70 64 58 54 54 55 71 55 60 59 56 48 63 72 64 52 61 72 63 50 64 56 51 55 51 61 60 52 51 69 62 64 69 54 53 54 56 59 70 58 59 71 56 66 72 52 48 55 56 63 72 67 65 48 58 48 53
70 54 56 68 55 50 61 70 59 70 59 72 72 54 51 48 60 58 66 58 69 61 58 66 70 56 60 72 67 56 72 59 67 50 61 55 67 63 59 72 57 70 48 51 67 64 49 53 67 72 55 72 65 62 57 61 60 67 48 50 60 52 71 66 54 63 69 60 63 51 61 68 53 70 69 63 54 68 57 65 72 49 57 57 52 56 68 64 57 63 52 61 58 64 58 54 56 49 57 64
66 57 63 57 56 53 57 56 58 52 56 60 69 62 69 63 71 53 60 49 50 66 54 58 49 64 71 57 49 61 51 67 68 70 58 52 48 59 55 67 59 64 61 70 55 64 50 49 58 48 68 62 48 53 71 56 69 67 54 61 57 68 53 49 49 63 60 65 69 69 51 60 57 61 49 55 58 61 66 66 63 67 54 66 64 69 50 58 68 60 68 53 72 55 64 63 50 68 61 69
60 54 56 72 48 57 49 56 72 50 53 67 56 72 62 70 61 57 51 57 49 63 53 56 65 54 52 49 69 60 65 48 66 64 57 48 71 60 58 51 56 53 67 70 54 50 53 72 70 69 66 68 60 64 66 71 48 55 60 69 48 69 48 64 61 72 67 72 53 49 71 72 60 68 61 54 53 55 50 67 62 65 65 58 69 69 56 54 64 67 56 60 55 69 57 67 56 70 52 70
