nb_clients 100
nb_jours 50
nb_camions 6
volume_max_camion 1000

demande_quotidienne
60 72 61 49 56 64 63 60 57 63 59 66 54 64 52 57 52 72 51 67 56 65 70 67 52 57 51 71 50 69 58 63 65 51 59 61 58 67 68 54 65 63 62 64 56 49 65 48 50 71 60 70 69 68 48 67 63 58 55 71 58 70 50 54 66 55 55 52 65 62 50 50 58 64 63 51 57 65 57 70 51 65 58 65 54 67 65 66 57 62 50 67 60 58 66 55 57 53 54 53
49 67 69 56 63 50 50 69 72 52 52 49 50 70 65 69 60 70 64 56 64 55 54 69 66 61 66 56 62 63 69 68 70 59 50 58 67 51 63 66 68 58 54 55 48 71 56 51 70 55 59 53 58 61 49 51 52 70 55 49 66 68 65 67 69 50 48 51 68 54 67 66 51 60 50 59 51 49 67 48 54 53 70 51 63 54 71 49 69 48 65 61 67 51 56 50 55 50 68 57
59 61 53 49 64 62 49 67 51 70 60 54 56 59 71 63 66 53 70 69 54 72 49 69 53 53 58 64 56 51 67 62 69 53 48 63 69 61 66 64 57 68 59 60 69 56 52 65 70 48 62 71 50 58 71 49 65 56 52 55 72 63 59 67 57 69 59 66 68 67 52 70 57 60 71 61 68 50 48 67 54 70 58 53 55 55 68 62 60 70 69 66 61 49 60 70 66 61 72 69
70 49 53 62 50 56 70 53 62 64 63 65 67 72 48 49 63 58 57 62 49 61 54 65 68 50 71 52 48 60 69 61 58 48 54 48 70 72 48 69 64 67 51 54 51 67 68 54 57 56 70 53 51 63 60 68 50 48 56 62 51 56 52 68 64 68 68 59 51 52 56 48 49 49 54 69 56 65 58 59 66 49 71 70 67 68 63 70 68 62 68 61 59 65 53 54 60 66 57 48
52 52 56 58 58 59 70 50 58 72 67 49 49 56 53 52 66 57 59 60 65 52 57 51 63 71 55 49 57 53 64 71 50 57 60 58 57 61 51 51 65 63 63 58 58 51 63 51 70 63 61 49 57 58 71 69 52 53 68 66 60 68 50 50 50 54 71 55 49 60 48 51 60 65 64 57 62 63 66 70 69 54 61 50 59 55 56 66 72 53 61 54 59 51 50 70 48 64 62 72
69 54 51 63 60 56 54 68 49 54 67 52 51 54 62 60 59 65 52 51 67 63 52 66 60 68 69 61 64 63 69 58 63 63 68 69 54 65 67 55 48 58 70 71 58 58 49 64 52 56 67 52 60 66 57 70 70 63 50 50 64 49 50 55 52 49 57 48 72 62 58 53 52 68 62 59 64 60 64 64 49 66 50 69 64 72 67 50 71 61 72 54 57 65 67 61 63 60 67 66
55 48 69 48 71 53 57 64 66 56 58 50 63 56 57 72 61 60 60 49 53 68 52 55 57 71 58 49 49 63 61 52 63 67 70 50 69 70 52 59 61 49 67 62 60 62 49 51 63 72 52 48 49 67 67 52 68 58 51 70 65 68 59 54 60 72 72 63 51 49 67 70 62 67 68 58 68 51 69 70 67 57 52 60 57 71 69 51 64 54 49 60 62 59 72 54 62 59 68 50
49 49 63 56 48 64 69 66 66 54 55 50 72 68 72 64 70 64 61 64 57 51 52 61 66 61 50 51 61 50 51 61 72 52 71 48 62 61 69 61 48 63 58 71 56 50 59 50 51 59 70 48 59 59 53 48 55 59 50 67 52 54 48 54 69 69 71 51 71 48 57 59 70 48 67 55 52 53 62 51 63 59 70 56 52 48 54 59 58 63 57 57 65 68 58 53 66 50 51 65
66 57 53 60 52 52 55 58 64 55 55 72 53 57 59 61 69 49 52 67 48 60 50 70 50 52 61 57 65 61 71 52 66 61 57 68 59 50 55 62 68 59 68 64 49 60 61 48 61 71 58 62 54 59 57 63 50 53 51 56 51 65 67 70 52 70 62 60 53 72 61 61 53 55 62 58 64 52 59 62 68 68 50 63 72 54 57 48 70 62 67 62 48 54 57 51 72 68 57 65
67 52 61 70 72 63 50 69 63 72 55 65 72 60 56 68 48 51 56 69 49 48 56 60 64 66 70 60 62 51 71 56 59 57 72 69 54 67 50 49 50 56 57 65 58 51 64 55 72 53 50 61 57 57 64 52 66 64 68 54 65 51 61 68 65 60 71 72 56 57 62 59 66 68 52 53 51 70 51 60 60 66 62 52 65 69 57 59 68 63 71 61 54 63 63 70 64 58 63 68
49 62 57 52 71 63 49 67 54 48 59 63 60 48 64 50 69 50 69 71 69 60 48 59 49 51 67 48 56 68 70 57 71 55 52 72 66 57 54 51 61 62 70 58 60 53 58 61 68 69 61 52 62 70 52 64 58 52 54 53 62 59 60 61 63 60 71 55 54 62 54 66 70 49 60 49 55 68 50 53 59 49 71 68 69 53 55 67 57 67 50 70 64 72 57 72 59 61 62 49
68 70 64 69 68 65 71 61 66 62 63 56 70 63 54 58 56 49 49 49 53 59 48 57 68 48 52 50 61 69 55 67 60 65 55 62 54 58 67 51 67 50 58 58 65 62 58 56 48 64 49 54 59 50 54 64 59 54 54 56 69 71 71 57 57 64 60 56 63 59 70 55 49 57 65 50 48 62 63 71 62 49 61 63 62 62 51 50 50 55 51 72 52 61 54 62 67 50 61 65
72 60 49 53 55 63 55 52 56 59 58 61 51 65 57 67 65 54 70 57 72 62 64 67 62 65 68 56 56 55 48 51 67 70 51 53 71 61 55 54 57 71 69 48 71 65 64 61 49 51 60 68 56 51 71 66 59 55 69 70 70 65 69 57 55 71 55 50 64 57 69 58 55 59 68 63 57 66 53 52 48 65 64 58 59 66 68 48 52 60 52 53 64 50 52 72 54 72 63 66
72 70 54 55 71 52 55 72 60 59 67 66 52 68 63 51 67 48 64 67 59 63 62 57 48 55 65 68 53 69 63 71 63 65 58 70 50 56 52 67 60 70 54 58 57 60 49 54 49 58 71 71 55 58 62 69 71 69 69 55 56 59 69 53 57 48 59 66 65 49 71 68 52 59 48 63 68 49 48 55 49 48 55 68 58 50 49 59 69 61 52 54 62 61 52 59 57 53 68 58
71 71 61 60 48 61 56 65 65 71 69 70 62 72 49 66 51 61 60 53 48 64 52 67 69 64 71 70 52 50 58 55 53 55 48 53 71 69 65 53 70 50 61 67 51 67 68 62 70 52 67 67 49 56 58 71 71 60 48 68 49 63 50 59 57 69 52 62 55 64 59 53 71 72 60 58 56 63 60 48 57 64 57 65 63 49 72 65 66 65 56 69 49 62 60 71 51 60 59 63
49 48 56 71 49 56 69 69 66 70 72 57 69 72 54 72 64 64 58 60 56 54 51 66 58 55 66 69 71 65 69 59 53 52 58 71 48 66 49 66 52 59 59 57 68 57 58 63 60 67 61 53 48 52 66 49 62 52 58 48 71 63 69 69 72 56 71 67 54 50 65 61 56 53 64 53 50 69 68 53 66 51 64 68 65 67 60 72 61 56 57 57 48 61 72 70 56 56 65 64
65 58 58 54 70 61 52 48 72 64 52 69 70 66 60 59 62 49 65 61 68 67 72 55 48 59 64 53 69 54 68 59 68 70 63 48 71 71 55 66 55 56 53 72 61 50 66 62 55 71 70 62 64 70 51 54 53 62 50 61 68 60 56 56 61 72 72 59 67 58 50 57 48 63 48 72 56 54 72 60 60 61 72 68 68 69 60 70 49 66 62 59 66 52 66 70 56 58 48 60
63 64 52 49 50 66 59 59 48 50 54 70 51 69 65 63 49 58 48 58 60 52 72 68 56 61 69 52 67 52 60 57 64 49 53 52 52 63 70 68 70 72 71 49 71 64 49 65 70 71 70 68 60 53 59 66 50 50 65 53 56 54 56 58 70 70 56 56 64 62 52 72 62 65 52 49 68 66 53 68 64 49 72 58 50 54 68 62 67 55 62 64 53 70 58 68 52 63 72 65
49 65 50 64 58 48 72 50 51 61 67 59 66 62 58 60 64 59 68 51 52 58 48 53 71 52 48 58 67 54 49 61 68 49 70 57 60 49 67 72 70 53 59 50 61 49 62 59 67 67 72 56 69 57 66 62 61 53 48 62 56 54 60 50 59 51 51 48 59 48 53 60 67 70 68 48 58 62 65 71 70 63 63 50 49 65 60 56 48 68 64 51 50 58 59 51 63 49 52 64
68 57 49 48 60 58 53 65 70 52 53 53 72 53 68 69 55 67 58 48 63 68 69 60 49 55 55 68 57 58 53 55 59 55 53 61 62 59 66 52 60 66 72 48 53 66 48 69 60 70 53 52 48 48 58 64 48 49 49 72 51 66 67 52 72 52 69 60 48 61 61 66 69 58 70 55 52 59 64 54 65 60 50 52 61 66 69 59 51 61 61 55 63 60 55 60 55 68 63 60
66 50 56 56 64 59 65 48 67 67 72 63 55 56 49 67 58 60 68 51 65 49 52 70 60 48 72 61 71 60 61 51 70 62 67 62 53 53 58 63 61 53 66 57 72 64 51 59 59 52 68 59 72 63 68 64 72 49 54 56 53 71 66 58 57 60 68 49 57 65 61 49 69 61 56 60 71 54 59 52 52 51 67 59 53 48 61 66 60 62 50 68 70 70 69 50 72 61 65 71
65 52 53 52 54 53 55 48 64 52 63 59 67 71 57 70 58 69 51 61 72 56 53 58 68 64 58 65 70 52 60 71 71 65 57 55 60 59 60 63 64 57 61 61 51 69 52 52 48 66 67 68 70 64 51 70 72 68 70 54 67 68 67 64 51 56 70 71 67 53 60 50 49 48 51 59 71 63 58 51 69 62 59 66 70 56 69 63 72 55 53 65 65 50 72 64 53 48 68 53
64 61 67 69 54 62 70 69 60 56 48 66 52 60 53 62 66 49 60 50 68 66 60 58 55 64 62 49 63 67 51 56 64 63 65 68 60 63 56 53 55 65 59 53 57 67 52 62 50 50 63 60 66 61 65 50 56 63 55 51 57 52 59 51 52 69 49 69 52 66 65 54 48 49 60 65 70 72 67 63 70 70 51 63 65 59 72 58 51 69 48 55 55 63 57 56 55 48 63 59
64 58 50 50 57 66 61 55 71 59 60 72 52 55 57 54 71 72 63 69 59 57 60 67 52 72 51 60 59 64 63 55 68 70 59 68 59 61 56 59 60 72 72 70 57 51 63 57 51 62 52 59 55 71 53 58 63 55 51 69 60 60 62 64 62 66 67 55 69 60 64 57 63 55 58 64 69 48 50 63 58 60 55 61 49 66 72 49 61 50 56 54 71 58 53 51 53 70 59 48
55 49 48 60 65 48 52 51 67 67 54 50 71 62 54 48 64 67 61 50 65 53 55 55 61 60 63 48 61 54 60 72 49 67 56 48 66 59 70 59 58 69 62 68 52 67 64 50 56 51 70 51 56 48 70 52 67 72 69 52 60 54 66 69 58 54 61 64 64 51 65 51 70 63 51 64 62 63 53 62 65 58 52 61 56 60 50 66 64 58 55 62 55 59 63 72 61 48 62 71
48 65 60 72 72 62 55 61 55 56 63 63 52 55 62 57 59 68 63 67 52 64 69 50 54 57 64 68 69 51 49 52 58 49 58 67 53 72 62 60 69 54 61 63 54 53 60 49 72 58 72 69 64 54 71 58 53 64 65 70 67 66 61 52 68 70 67 63 69 66 54 67 62 49 55 63 67 58 65 71 54 48 49 49 52 55 62 69 67 55 69 69 51 72 64 61 68 68 57 69
58 63 69 54 53 59 65 59 70 62 60 62 69 58 62 50 52 55 72 51 72 52 60 62 70 65 54 59 70 49 48 60 54 50 61 66 66 61 65 54 68 48 69 52 64 68 63 57 60 65 65 50 50 67 71 63 72 48 54 61 67 72 59 57 50 71 48 72 55 67 48 66 64 59 52 62 56 51 66 62 56 55 60 60 71 64 58 55 66 56 50 49 52 58 68 66 66 63 50 64
63 61 58 60 71 48 51 61 67 69 52 72 52 48 51 70 61 55 49 68 56 56 60 51 59 57 59 67 68 54 71 65 65 49 58 64 65 48 53 63 48 68 56 58 52 59 51 67 65 61 72 50 56 66 51 64 50 66 52 63 49 64 55 59 51 65 70 54 53 70 69 55 60 54 67 70 71 62 59 53 56 71 59 65 54 54 62 58 52 56 65 69 72 72 48 50 69 58 57 70
58 49 50 67 48 57 51 53 70 56 54 64 65 59 62 50 61 64 65 61 51 50 66 62 58 53 57 55 68 61 69 70 57 49 48 48 68 56 50 69 58 58 65 68 57 49 70 55 70 64 52 56 67 49 60 61 56 66 55 56 58 65 63 62 70 51 61 59 53 64 49 55 70 63 60 48 55 50 57 51 53 52 62 48 72 59 64 61 51 64 55 63 57 56 60 61 63 70 49 53
70 64 59 54 55 52 55 57 52 53 65 56 65 48 53 55 71 61 70 53 55 72 65 52 66 69 53 71 55 64 72 57 70 71 48 71 62 54 49 61 53 60 64 60 54 60 65 64 63 51 52 50 65 48 50 48 71 55 71 60 62 69 56 61 59 69 60 56 71 50 72 53 66 55 71 54 49 72 49 64 50 70 62 55 62 70 72 72 69 52 67 68 64 57 48 67 52 59 69 59
59 57 64 68 70 56 52 48 63 71 54 67 60 58 63 57 62 52 63 57 70 58 59 68 67 60 60 66 60 70 64 57 69 72 66 55 54 61 54 56 64 53 64 52 67 64 72 65 72 64 68 63 58 56 61 57 62 68 64 49 71 54 56 62 70 50 48 54 67 51 56 48 54 53 67 53 69 59 67 56 48 69 69 48 48 67 53 57 55 60 63 71 59 59 50 66 61 51 70 48
72 53 48 67 65 56 59 71 54 60 54 58 53 53 63 69 52 67 66 64 61 66 68 55 48 49 61 67 49 68 68 68 52 64 50 61 57 58 68 68 67 54 70 49 58 52 58 69 71 56 63 63 67 58 56 68 50 62 72 53 51 64 56 65 70 60 67 62 61 69 53 67 61 72 52 69 69 72 51 66 72 51 53 71 63 57 69 71 51 69 72 61 56 56 51 68 59 64 65 50
48 49 67 48 72 52 51 61 60 63 48 58 68 52 50 70 60 68 66 71 55 49 54 61 48 49 67 60 52 65 71 70 57 61 60 65 49 71 62 65 52 65 52 68 54 66 53 50 66 63 57 56 56 54 60 69 48 68 49 64 72 72 50 48 68 57 52 72 52 72 64 52 51 58 48 71 58 52 58 66 72 50 50 59 54 56 62 58 69 63 63 65 64 50 50 58 62 60 72 60
65 63 65 61 64 50 55 52 68 60 64 58 52 50 52 52 49 60 68 66 51 69 50 64 56 66 57 59 69 71 63 60 66 58 71 69 67 62 64 59 55 72 64 49 71 60 59 58 64 48 55 66 50 63 51 59 61 72 67 55 65 48 64 64 51 49 66 59 49 59 53 58 56 63 63 72 61 48 68 72 55 68 68 63 71 71 59 69 71 53 49 72 71 63 64 69 53 60 70 57
69 66 63 54 48 70 62 67 67 69 53 67 62 58 66 58 61 66 72 68 52 64 61 60 55 59 60 57 55 54 56 55 65 66 59 62 55 67 58 67 68 52 58 55 52 72 56 65 53 65 70 70 67 51 62 63 54 70 53 67 59 67 55 70 50 65 63 54 57 60 56 64 54 59 61 58 71 48 49 54 54 67 53 65 62 50 56 64 57 70 63 61 58 69 71 70 70 60 49 51
49 58 53 72 56 67 71 65 62 57 65 61 63 59 55 69 50 71 50 68 50 64 48 69 66 64 58 71 67 51 66 55 48 49 51 71 57 50 66 60 70 52 72 66 67 64 54 56 57 53 53 66 55 52 52 55 56 63 57 52 71 67 56 54 50 52 69 61 53 54 66 48 59 65 69 63 69 52 72 71 56 50 71 70 67 70 56 67 71 55 48 52 54 71 66 69 48 61 52 52
63 65 49 64 58 55 69 53 62 58 69 62 55 68 68 71 56 69 70 54 51 59 63 56 59 65 66 57 54 57 65 60 50 53 60 51 66 68 51 64 52 70 62 52 61 56 71 65 54 72 53 71 50 56 62 58 60 64 49 59 60 71 71 60 65 52 72 70 70 65 66 52 68 49 57 67 62 64 72 66 61 54 62 54 60 50 51 65 60 51 64 69 62 71 68 53 49 54 55 55
51 67 60 61 50 65 54 64 54 54 63 50 54 51 64 52 67 54 65 66 64 68 67 61 67 60 68 56 69 63 68 68 67 48 59 59 72 54 70 68 49 54 62 54 64 69 54 48 52 55 62 63 50 67 56 68 57 60 58 71 71 69 70 57 69 50 67 51 63 59 67 67 68 50 55 52 61 55 48 63 57 52 64 68 59 71 69 52 51 64 58 58 69 71 50 59 54 54 57 64
70 61 68 71 71 60 60 49 52 62 50 57 68 69 52 64 54 67 63 59 52 66 52 66 61 56 71 54 51 53 52 62 65 61 53 49 57 72 63 66 50 69 59 68 51 51 63 55 64 49 48 70 69 66 50 62 56 71 66 56 70 65 60 53 55 68 51 69 66 71 72 64 53 63 68 68 55 48 55 52 70 67 69 72 52 68 52 72 66 67 53 50 51 56 51 56 67 62 66 72
56 66 61 49 70 50 52 62 49 59 58 56 68 61 60 48 57 68 55 54 72 50 66 71 52 55 64 54 62 58 48 72 56 61 66 64 65 52 70 58 70 66 68 65 60 54 57 51 62 68 68 56 55 68 56 72 57 50 59 52 62 48 60 68 62 49 68 72 72 57 64 67 72 61 62 67 66 71 64 54 53 48 56 51 60 70 56 54 63 63 56 64 60 52 67 63 56 53 70 48
54 58 56 70 70 51 69 48 61 57 58 67 71 54 58 61 72 52 68 51 55 59 72 71 63 62 53 69 59 61 61 61 59 66 51 50 65 62 52 51 48 64 70 60 68 63 55 60 68 71 51 61 49 69 57 67 53 57 56 64 51 65 69 69 58 48 52 48 50 58 72 58 62 54 55 59 69 66 62 56 65 53 62 60 48 51 48 51 58 71 54 57 65 51 64 72 57 50 51 65
67 57 71 49 55 51 69 53 62 53 53 62 56 70 53 62 70 66 48 65 60 48 51 51 57 50 68 72 60 54 56 71 60 55 62 68 67 64 65 59 53 61 68 48 66 61 67 55 57 59 64 58 63 68 72 71 62 71 70 56 59 56 72 53 53 55 62 58 68 48 59 63 67 70 57 69 55 48 51 62 71 64 53 54 60 70 67 58 65 52 49 63 61 62 62 59 48 54 66 54
50 63 52 69 50 71 64 70 69 65 60 67 56 54 50 61 48 65 63 70 71 58 71 48 54 67 57 72 72 61 62 70 64 70 57 50 49 50 59 60 68 61 60 68 70 72 68 72 55 57 63 60 65 48 68 61 68 57 69 63 52 60 69 61 60 70 72 66 71 67 57 63 65 59 57 61 66 68 72 53 59 49 61 62 62 57 50 69 55 58 55 60 48 67 58 52 53 63 50 72
51 53 67 49 55 68 53 48 68 64 69 61 69 61 53 57 60 62 57 65 49 53 63 53 51 69 51 63 71 57 71 57 57 60 49 66 56 58 72 62 50 49 72 68 70 57 55 62 68 57 65 54 60 50 61 49 49 50 59 48 57 57 49 48 49 67 49 52 67 53 63 68 50 66 52 48 71 65 52 51 50 70 50 67 72 69 51 54 51 63 61 50 51 63 70 62 64 71 53 65
51 52 59 71 61 64 52 50 68 64 49 71 65 55 51 71 60 59 64 58 65 70 66 65 60 57 55 66 70 50 52 67 60 72 59 71 57 59 64 59 48 48 48 52 56 71 69 70 54 68 52 53 51 63 71 63 69 52 56 56 52 49 53 69 59 71 58 54 68 51 64 63 52 68 56 58 54 68 51 67 69 70 55 59 60 72 51 56 72 60 65 59 49 68 58 55 60 49 72 61
65 56 72 53 56 49 71 56 71 50 58 68 61 48 72 69 56 55 68 72 70 53 56 59 64 68 51 53 63 54 66 67 66 50 61 57 70 69 49 56 48 48 67 53 58 53 60 55 66 65 54 49 68 65 72 54 62 65 69 62 66 67 58 59 59 51 72 48 61 59 53 63 55 71 69 71 68 71 71 68 60 72 67 48 69 54 67 71 63 61 72 60 53 52 69 61 60 62 71 71
68 71 54 56 50 70 53 66 48 57 71 53 51 52 56 53 60 56 64 68 61 58 65 71 61 63 62 51 56 67 58 56 56 71 57 60 67 64 48 63 68 64 64 54 61 56 71 68 72 61 71 49 48 61 65 50 56 70 48 48 63 69 60 65 59 65 63 64 62 65 71 71 70 63 66 53 66 72 48 67 59 54 57 61 50 55 51 53 67 62 68 52 63 58 62 70 52 63 56 63
58 70 64 71 55 72 49 59 64 56 60 65 68 67 51 57 52 64 52 52 50 58 54 49 48 63 63 50 66 64 49 52 68 62 66 52 66 56 50 57 59 52 62 59 49 58 51 51 67 69 51 57 69 57 66 59 53 72 48 69 72 63 60 60 68 54 50 61 56 63 61 69 63 60 52 61 54 72 61 68 72 54 56 50 52 62 58 59 57 62 58 55 53 62 52 70 58 55 63 52
51 65 66 67 62 71 58 53 50 69 58 53 56 59 69 70 51 51 60 58 72 58 57 58 72 48 54 69 68 57 68 53 53 65 53 63 55 50 70 64 56 70 51 49 60 71 50 60 62 63 69 52 70 52 49 51 52 68 51 60 67 51 57 50 66 66 51 54 71 57 60 53 64 62 70 56 72 58 68 53 68 60 56 53 53 71 50 54 68 64 72 59 69 71 62 69 50 58 64 61
57 62 49 52 59 53 63 55 55 50 52 72 62 61 51 59 72 55 51 58 52 54 55 67 65 58 69 63 58 66 68 63 64 69 56 72 57 48 67 69 67 53 56 54 64 65 70 51 57 62 53 51 49 62 64 64 65 67 66 65 71 69 60 61 58 67 58 55 58 63 52 64 71 71 48 71 63 52 48 50 65 48 52 72 51 49 58 57 69 54 72 50 69 49 72 55 71 53 59 60
