nb_clients 100
nb_jours 50
nb_camions 6
volume_max_camion 1000

demande_quotidienne
55 66 65 52 59 67 63 68 66 50 67 48 63 56 65 55 54 70 63 65 65 63 60 68 52 55 68 52 64 60 71 48 69 72 50 53 72 66 49 57 72 48 56 63 67 71 60 70 61 60 71 66 62 52 59 51 49 52 63 54 56 69 61 72 68 57 61 64 60 66 59 65 66 61 66 55 58 69 48 56 67 69 70 53 70 58 65 66 66 51 70 68 54 68 66 56 57 51 50 63
68 63 50 59 50 61 52 48 57 61 72 61 51 49 67 67 72 49 60 70 66 58 65 56 64 55 49 57 48 50 51 67 65 49 54 61 57 67 56 52 70 49 58 58 59 52 60 60 62 64 60 68 67 69 65 51 67 64 56 61 68 71 70 55 57 61 56 64 57 65 58 48 61 66 58 48 60 67 66 68 52 49 68 68 58 62 59 69 59 67 70 56 71 63 48 66 49 69 48 59
56 68 62 57 66 67 58 53 59 53 58 72 59 67 56 57 60 51 72 48 66 69 71 52 57 64 55 68 56 55 58 53 69 61 68 70 51 51 67 58 58 69 55 62 53 50 58 71 68 54 66 62 56 55 51 49 64 54 58 66 53 56 58 68 50 67 59 66 52 61 57 64 56 62 59 68 61 57 61 66 61 49 61 52 54 48 63 67 64 61 65 70 55 49 71 62 72 69 71 64
57 65 58 55 50 66 57 51 55 49 49 70 64 54 61 66 49 48 63 71 51 53 64 57 55 69 48 64 65 61 49 67 51 58 52 56 65 63 49 59 55 54 51 65 51 53 55 56 52 48 63 68 66 60 49 72 56 55 56 67 64 64 61 49 63 58 72 48 49 72 52 49 51 49 50 63 49 70 50 64 64 63 58 53 58 50 59 60 68 60 66 57 59 56 54 58 61 51 52 65
48 70 71 60 50 66 53 49 59 62 67 68 65 60 68 49 67 61 49 59 68 63 72 70 58 61 70 61 62 48 55 54 65 56 70 66 50 61 55 61 52 48 58 59 65 56 51 62 70 51 71 69 64 60 69 51 71 58 66 65 51 66 70 48 63 52 55 72 60 49 64 50 66 51 69 60 53 48 58 51 48 51 69 63 70 57 66 57 50 49 72 66 64 64 70 55 51 65 71 51
65 49 65 58 66 53 50 55 53 68 55 62 67 70 72 60 56 59 67 60 59 65 61 50 60 64 55 61 71 53 61 70 66 72 66 69 64 69 63 52 68 60 52 53 51 63 71 63 70 64 62 66 71 53 52 56 72 54 52 66 64 58 55 70 65 72 57 69 70 61 67 66 66 56 54 57 48 56 63 60 54 53 66 59 55 58 63 72 52 61 70 63 70 67 54 62 66 68 65 48
63 71 50 60 71 49 62 55 55 68 70 72 69 50 54 56 55 54 72 56 52 53 67 70 69 49 56 53 49 58 53 61 50 71 50 51 50 56 57 49 59 62 66 71 69 58 48 48 58 58 61 60 63 50 54 68 66 71 63 60 52 65 58 51 56 50 69 61 51 62 64 56 51 64 70 59 69 72 59 72 62 57 69 69 69 68 56 51 72 58 69 66 65 64 51 69 63 64 59 49
70 57 69 71 66 71 53 68 68 71 68 52 53 59 68 62 51 51 65 52 58 68 71 68 67 61 65 57 68 53 62 63 57 53 70 50 51 70 53 72 65 65 66 71 60 59 51 56 56 60 49 52 49 63 64 56 55 70 72 64 59 58 60 62 65 72 50 59 63 51 52 56 66 51 69 51 66 72 71 51 53 70 54 66 61 69 71 60 71 52 66 67 52 60 54 65 64 53 66 53
54 56 59 57 48 62 61 60 58 65 66 57 68 63 64 69 70 57 69 63 48 67 54 71 68 48 51 72 72 69 55 63 53 64 68 62 54 54 64 54 49 64 68 62 51 66 57 69 52 52 62 50 67 49 48 59 67 55 64 50 63 65 48 58 58 58 59 70 70 52 50 67 72 49 70 50 71 58 54 50 54 61 70 72 55 63 58 51 49 61 50 54 70 53 60 63 63 70 50 65
61 54 68 63 57 48 62 62 72 70 60 62 53 62 49 71 56 59 59 62 64 59 67 60 55 48 54 56 59 52 62 65 54 53 54 48 53 66 60 64 53 68 48 52 51 67 53 62 63 53 49 48 60 62 58 61 49 70 70 49 55 60 49 60 63 48 55 55 51 60 63 54 53 58 67 51 59 51 67 49 71 57 56 62 57 63 55 65 56 48 58 68 59 58 50 49 69 61 50 66
67 48 51 48 69 50 48 53 64 49 63 49 54 68 64 58 54 72 63 58 63 59 69 49 60 57 72 67 68 60 50 57 53 61 51 64 60 65 58 65 69 72 60 53 71 71 60 65 59 53 59 61 62 55 62 72 70 63 59 56 53 64 71 72 67 70 70 60 63 49 52 53 70 72 48 62 50 72 70 69 69 51 58 55 67 68 49 67 49 62 62 71 68 58 59 48 50 54 60 51
58 66 57 51 62 50 68 54 55 70 49 52 68 52 66 48 51 55 57 54 55 65 64 61 64 72 67 58 65 54 62 53 67 50 49 51 67 48 51 54 56 50 51 62 60 55 69 67 51 68 63 72 69 70 59 60 67 69 62 72 51 57 67 62 60 54 51 65 48 62 57 71 68 50 58 59 54 63 72 50 65 69 71 59 61 68 50 67 64 54 55 59 49 58 55 61 62 50 56 54
58 53 71 54 71 54 71 67 62 70 65 61 59 54 67 61 63 72 61 63 66 49 57 48 53 51 48 71 52 57 64 64 49 68 63 49 54 71 54 56 63 61 49 59 62 71 54 71 57 52 51 62 57 61 62 50 54 52 63 72 70 57 60 68 59 53 61 57 62 63 64 65 55 59 57 57 48 62 59 59 57 71 55 64 48 48 52 68 64 52 65 48 53 49 48 54 72 62 59 59
65 49 63 53 55 48 56 61 58 49 67 65 51 62 57 56 55 69 63 61 71 56 58 49 48 61 49 68 69 53 72 66 55 52 71 72 61 64 72 58 65 52 56 48 53 49 48 63 68 49 62 62 64 69 72 67 64 61 59 64 68 53 57 53 50 69 52 65 51 61 72 59 62 62 56 56 62 57 64 52 66 58 52 64 49 61 63 55 62 66 67 56 48 58 66 67 65 51 63 52
56 70 72 56 51 61 69 50 59 49 64 63 72 68 62 54 57 59 53 68 60 60 58 49 56 54 49 58 58 67 60 65 57 49 52 61 56 61 50 63 55 54 71 50 70 64 51 71 68 51 68 48 57 70 50 61 56 63 62 56 57 65 65 49 53 55 63 53 52 52 70 53 70 62 69 60 68 48 52 60 49 53 72 68 53 57 54 68 52 52 49 64 52 65 54 60 72 51 61 60
53 48 56 51 52 51 52 57 52 60 59 67 50 54 48 59 52 63 55 50 59 65 63 51 70 58 63 48 71 59 64 71 62 66 61 62 65 65 57 62 52 65 62 60 54 72 67 57 71 71 53 57 53 58 56 54 52 49 67 49 61 67 53 51 66 48 53 51 60 66 69 59 64 70 72 56 50 62 65 66 62 58 52 66 67 54 58 62 64 66 59 68 58 66 59 70 67 72 71 59
70 58 57 57 56 53 51 67 64 55 71 58 71 68 55 57 61 56 62 52 63 58 65 53 67 64 64 62 67 49 50 61 61 65 67 72 57 49 55 60 60 54 50 59 64 54 49 65 63 51 61 71 60 70 65 59 48 57 59 64 59 60 62 59 68 69 51 66 63 52 58 55 48 59 50 67 48 52 50 54 58 61 57 54 48 48 65 71 58 65 62 71 59 71 54 62 58 69 66 51
64 60 55 63 52 57 57 65 54 51 53 67 50 61 48 59 60 48 63 53 63 56 52 60 54 64 68 61 66 68 69 57 61 57 51 68 71 70 50 50 62 72 71 58 50 48 58 63 61 68 51 69 58 68 61 66 55 58 54 68 60 50 49 68 64 48 64 64 55 66 50 53 55 63 65 60 57 59 62 69 64 55 54 66 57 58 66 52 66 65 59 67 64 59 58 72 66 71 71 64
54 62 49 71 61 57 68 54 63 54 53 51 62 51 64 60 54 58 53 72 49 58 63 55 60 69 71 49 55 60 59 60 55 53 57 56 59 56 49 70 58 71 51 54 55 57 62 53 66 53 55 63 70 54 54 69 59 67 55 53 69 72 64 60 67 65 61 67 53 68 57 62 59 49 50 65 62 63 48 66 53 56 64 61 69 63 55 60 64 63 59 60 67 63 72 53 51 70 61 58
71 52 66 58 51 59 64 52 57 63 68 65 52 62 59 63 49 66 59 68 54 67 50 70 72 65 66 57 66 69 57 65 58 61 71 68 57 48 61 69 65 71 72 59 61 63 59 66 53 55 57 70 54 66 60 70 51 58 65 53 58 71 63 53 65 60 62 54 61 65 66 59 51 71 49 67 63 70 54 53 64 69 53 51 51 65 65 51 60 65 64 58 60 56 50 63 56 69 58 55
56 51 54 51 63 59 61 52 56 59 69 53 56 66 72 64 54 69 55 55 56 59 71 58 51 51 70 52 72 50 55 62 58 51 58 72 52 53 49 69 63 56 64 52 59 62 71 61 64 66 69 66 61 61 56 57 65 56 66 60 52 49 49 53 61 68 48 54 72 52 64 71 54 70 71 68 59 56 49 68 65 66 71 59 54 51 53 54 71 50 63 61 71 57 52 51 65 58 69 67
71 53 56 52 50 67 50 69 52 51 48 70 50 68 64 60 70 62 65 69 67 62 56 53 70 48 50 57 69 70 61 53 48 49 58 64 71 58 59 51 49 54 60 48 65 62 69 71 58 68 55 62 62 55 48 59 54 55 53 61 60 51 60 58 66 51 65 69 67 55 57 51 48 60 48 66 58 55 54 62 66 64 56 68 72 67 60 69 71 54 64 66 61 68 57 50 53 62 64 64
51 57 66 67 52 62 64 52 57 64 53 55 59 64 57 51 50 63 50 63 55 71 72 61 48 48 48 63 67 48 49 70 64 63 48 49 59 69 57 57 63 63 57 72 57 52 57 68 66 50 60 68 49 51 69 54 55 50 53 71 60 64 71 72 71 64 52 68 53 50 69 57 64 64 48 63 50 59 69 63 50 61 69 70 58 65 60 61 62 58 67 48 58 57 63 71 68 56 63 71
56 54 59 51 68 56 71 63 61 63 72 54 71 58 67 49 69 55 66 49 67 60 55 60 53 58 51 68 53 64 62 56 61 61 66 66 58 60 61 49 59 71 72 60 59 71 60 56 64 55 52 55 54 72 67 48 68 61 71 51 67 72 60 63 63 60 64 64 65 61 67 54 63 60 49 68 65 70 53 48 54 66 69 70 51 52 60 72 64 51 51 51 67 54 57 65 52 61 61 52
53 54 70 68 61 63 58 68 62 64 48 56 65 48 66 58 58 65 60 54 51 57 54 50 54 60 55 55 58 55 71 50 58 65 57 72 54 65 54 65 71 60 48 64 68 57 55 52 72 56 66 50 56 59 54 57 52 59 54 54 68 65 51 62 61 56 49 65 60 56 66 57 64 54 62 54 57 59 69 50 51 61 72 60 70 59 68 72 66 55 56 71 51 67 66 51 48 53 58 59
67 53 55 58 49 51 72 58 67 65 50 61 58 65 57 48 63 62 72 70 62 72 53 63 48 51 53 59 63 56 60 64 54 62 60 63 59 70 59 71 48 65 58 63 66 63 65 62 48 63 50 70 57 53 55 65 51 69 53 53 71 56 58 50 59 65 48 55 58 48 67 49 60 53 51 68 72 64 62 59 71 63 48 62 69 61 68 65 71 50 51 72 50 69 50 54 51 56 50 69
58 48 54 49 70 62 49 51 64 71 54 58 70 62 71 67 57 72 58 70 48 54 70 65 68 48 54 72 66 61 52 70 59 62 64 64 61 69 63 52 67 71 57 68 57 50 55 72 53 65 58 62 60 55 64 70 65 58 57 58 59 72 72 72 53 57 59 50 53 60 71 57 67 62 60 64 61 54 51 68 59 48 67 71 59 62 49 68 68 62 64 69 67 56 67 63 65 64 71 63
72 71 54 57 50 70 50 63 62 60 70 53 54 56 70 52 65 66 56 48 53 54 68 55 62 69 66 51 57 59 69 54 64 69 51 48 58 62 57 63 67 49 68 58 57 53 68 62 66 66 63 57 64 63 58 55 50 54 65 49 59 65 50 59 48 53 49 63 53 58 51 53 59 66 55 63 70 64 68 65 49 48 72 65 55 69 58 52 66 57 65 55 59 59 66 60 52 62 61 69
70 60 49 62 60 48 68 70 72 67 50 56 61 57 59 51 48 53 51 61 71 49 60 70 61 72 55 69 50 61 49 56 59 53 61 69 59 61 71 48 55 70 67 59 64 55 71 60 59 70 59 57 67 53 55 59 71 48 55 68 53 63 56 54 52 66 63 72 64 66 62 53 72 60 56 60 72 66 60 50 54 60 68 51 54 72 69 66 59 59 56 57 70 69 68 60 68 65 72 61
52 68 59 64 50 57 58 67 72 56 71 54 54 71 70 60 68 54 68 71 54 64 55 59 66 56 62 55 68 72 51 71 51 64 66 48 69 66 61 49 67 65 66 57 57 67 59 52 71 64 52 56 53 63 72 72 69 60 56 64 55 53 69 66 72 72 63 50 54 59 48 66 69 63 49 65 61 61 51 67 60 58 61 57 59 68 66 60 50 62 54 50 69 56 62 72 71 51 56 65
50 55 66 65 59 56 72 68 55 66 69 68 58 61 49 50 66 48 52 54 67 55 68 51 54 59 53 65 72 50 53 60 64 62 48 51 58 54 60 61 72 55 51 49 50 70 50 65 71 57 69 54 53 62 53 50 70 59 50 63 64 69 52 52 55 55 68 63 56 60 69 49 55 67 57 69 59 50 68 53 53 68 67 48 62 51 72 55 51 53 52 65 58 70 54 65 72 61 48 57
50 62 55 64 62 55 51 60 66 68 71 67 53 55 69 64 56 51 52 62 61 48 67 60 51 55 65 61 71 53 50 50 63 48 53 55 58 67 58 63 70 62 57 50 51 59 66 66 49 48 59 58 49 50 53 56 51 48 57 69 70 67 63 68 48 61 70 60 49 56 58 52 65 59 54 68 71 50 58 66 57 65 71 68 60 52 60 56 50 70 66 54 63 69 64 50 60 57 50 67
71 64 65 72 58 69 55 54 55 64 71 66 60 62 69 68 57 70 52 52 70 69 68 69 66 48 55 53 64 62 59 71 70 61 66 60 71 62 64 65 57 60 65 60 57 50 70 67 67 71 58 51 50 60 67 61 56 70 62 57 51 55 62 66 70 67 63 53 51 66 60 70 63 54 70 62 57 48 71 66 57 69 57 50 52 66 54 71 49 49 63 61 64 60 67 60 61 48 52 72
48 60 61 62 51 55 53 70 69 53 68 59 51 69 66 59 68 71 68 59 68 48 57 59 68 49 68 66 56 63 58 72 48 54 60 70 70 49 56 48 50 55 58 66 63 50 63 68 60 48 60 48 57 62 65 52 69 60 55 52 61 72 64 51 50 50 51 55 48 55 70 58 58 62 65 49 61 55 50 58 51 63 68 70 55 60 53 58 53 59 59 65 58 51 53 62 50 58 53 59
55 50 52 63 65 57 67 62 64 57 64 51 60 50 54 51 50 66 55 56 58 68 54 53 53 68 71 66 64 51 70 52 54 58 68 58 72 55 50 69 53 60 70 48 55 56 57 49 59 62 59 58 65 57 58 72 66 62 66 51 58 70 70 54 70 69 56 66 63 55 66 62 57 70 54 70 59 51 63 51 64 63 69 53 58 69 52 49 58 49 67 56 48 55 57 59 56 53 67 62
69 52 52 58 64 59 67 65 64 54 70 57 58 61 70 50 61 55 66 51 56 66 72 51 52 64 48 63 62 56 58 57 54 57 60 71 50 48 51 69 61 50 64 52 71 67 53 64 62 55 56 58 67 61 70 49 60 55 48 60 64 65 56 57 69 56 53 59 48 55 71 50 53 52 54 67 50 61 48 62 61 70 64 72 63 55 50 58 72 64 68 56 64 59 48 54 66 55 65 71
67 66 62 67 63 68 67 68 69 72 48 71 63 62 69 58 53 58 72 50 59 48 56 61 65 62 58 59 67 51 48 66 65 56 52 72 64 51 57 62 57 62 63 50 64 56 57 49 59 61 56 55 68 58 52 55 63 54 65 59 50 68 48 48 65 63 67 61 57 69 66 71 60 70 67 60 56 59 62 70 68 66 49 64 61 64 51 53 66 55 52 58 59 50 54 57 64 64 72 60
56 59 58 70 54 48 64 48 67 62 50 58 66 68 57 61 51 52 66 70 51 59 51 53 52 67 71 68 66 54 65 54 69 62 68 63 57 54 69 65 58 66 57 59 68 59 69 66 65 68 70 71 54 59 59 52 57 68 56 71 54 61 67 59 62 70 62 51 50 48 61 69 62 62 71 67 64 62 59 57 62 59 49 71 56 53 51 49 50 49 57 59 62 64 62 66 70 71 58 48
72 48 54 57 66 68 62 57 71 66 60 55 67 58 60 59 72 54 68 72 63 69 55 54 64 54 52 72 50 70 56 71 72 62 57 69 52 64 63 51 61 68 60 70 62 57 55 49 63 50 56 50 55 71 60 48 71 62 52 60 69 70 49 51 70 63 72 63 68 61 58 49 67 57 51 48 67 56 68 66 59 56 55 69 51 65 59 64 70 66 50 63 56 65 50 60 65 68 62 69
50 48 57 58 58 68 58 60 67 71 52 57 59 56 67 55 71 64 62 51 52 64 59 66 55 59 66 50 66 68 59 54 57 71 72 54 64 52 48 50 72 72 64 71 71 65 64 60 65 67 51 67 49 70 54 65 67 63 61 68 67 59 59 55 71 71 66 60 50 71 61 60 54 72 54 60 63 54 72 48 59 71 59 72 49 72 49 58 58 51 54 64 71 62 54 56 66 58 65 59
59 61 61 69 64 69 67 60 53 60 56 72 71 65 60 63 70 67 57 48 50 62 65 65 51 51 51 59 63 56 72 66 56 54 66 51 63 66 63 65 71 64 67 57 70 63 66 48 48 54 55 68 61 59 68 68 62 70 66 52 58 64 57 70 59 54 53 56 48 64 61 50 50 67 53 60 71 58 55 70 60 49 49 56 70 70 55 70 70 67 49 67 58 66 65 51 50 57 67 71
58 54 63 69 51 63 56 64 72 50 54 49 53 54 65 67 64 60 50 68 68 51 48 60 62 48 56 63 55 52 68 59 69 62 69 58 62 71 56 64 68 59 61 70 60 49 60 62 66 51 65 59 52 48 56 72 54 53 50 56 70 52 70 63 55 64 66 68 67 56 51 65 68 68 53 57 67 53 64 48 67 57 63 65 54 60 64 48 63 71 54 56 62 50 62 60 57 72 58 63
64 54 71 59 51 55 50 71 50 64 50 54 64 67 61 51 54 55 67 70 53 66 53 57 50 53 57 57 52 62 59 49 49 54 71 67 59 66 62 58 65 67 57 60 64 49 65 69 48 59 69 48 60 60 50 53 53 68 52 52 59 56 50 67 51 53 62 55 66 60 51 72 49 56 54 72 72 62 67 70 66 57 66 67 71 49 70 55 56 69 68 70 70 62 62 72 53 58 65 53
66 54 67 60 53 61 69 70 51 64 65 64 62 57 70 53 72 55 55 63 64 54 49 66 53 55 60 56 58 57 57 55 48 57 54 57 70 65 59 64 72 65 61 60 65 69 58 71 55 71 62 60 68 54 59 72 70 69 52 59 49 69 57 50 56 62 51 51 70 54 52 68 67 58 54 54 71 48 68 56 57 66 54 48 60 52 49 68 57 58 58 53 71 62 59 64 56 69 69 55
68 53 56 51 53 63 59 70 66 69 69 68 59 69 72 61 62 68 71 60 69 59 58 53 49 60 63 70 72 57 60 65 69 50 53 67 62 71 72 70 65 49 50 53 72 57 55 52 57 72 52 57 53 72 67 57 68 59 72 59 50 58 53 61 70 58 70 65 66 56 49 63 61 65 66 62 57 71 51 53 49 71 61 53 67 63 68 60 72 57 51 55 51 65 70 55 67 58 50 68
60 61 71 56 52 72 71 64 54 49 67 67 57 63 65 51 63 65 56 49 65 55 52 50 61 65 49 66 70 71 57 56 68 57 52 69 58 69 48 55 52 55 63 64 61 49 65 69 52 59 66 70 66 62 50 71 61 70 51 62 68 71 55 55 56 70 69 54 65 51 48 53 59 50 48 58 62 51 53 52 55 57 52 60 57 66 64 54 52 66 65 54 70 71 49 51 61 69 70 55
65 50 63 52 71 55 72 62 52 72 51 65 57 61 49 48 66 48 49 69 70 55 59 48 69 56 48 67 71 51 63 72 62 67 67 51 55 69 69 60 69 49 53 70 60 68 50 63 64 49 53 71 56 56 55 69 57 63 59 66 58 69 69 62 66 72 70 65 48 61 63 60 66 62 64 67 66 63 57 50 69 59 67 52 61 54 53 63 70 72 56 66 56 62 64 59 63 61 48 48
50 54 59 65 70 67 60 52 48 65 55 53 54 68 72 51 55 57 66 53 48 63 69 64 72 55 69 51 65 49 64 55 67 55 53 53 68 66 68 58 64 56 48 67 70 70 50 51 57 55 61 72 64 70 57 52 56 64 70 62 70 58 60 68 62 51 68 55 61 48 53 50 52 63 54 69 51 64 51 65 62 63 50 59 70 63 49 61 50 71 53 61 49 53 61 59 71 70 53 50
61 60 50 59 67 66 59 54 65 58 58 63 59 61 50 70 48 53 61 53 62 62 51 68 60 52 72 59 65 50 62 59 62 57 48 57 72 65 56 72 71 69 57 56 61 58 50 62 54 62 48 51 61 59 55 64 56 48 56 71 54 61 48 58 72 62 56 51 68 72 66 55 56 65 57 48 64 51 59 69 52 59 48 57 69 53 53 68 54 48 71 66 60 70 70 49 65 69 50 58
66 68 68 51 49 49 58 56 70 71 69 63 62 50 54 70 68 56 63 62 53 57 63 69 64 71 54 52 60 62 68 64 50 66 70 56 63 62 62 51 52 72 65 65 61 62 59 62 67 59 59 56 67 55 59 54 54 54 69 63 48 70 59 65 64 53 57 49 55 49 48 50 61 59 64 70 59 67 55 57 57 61 60 71 52 53 64 71 67 56 69 48 68 55 61 67 57 48 70 69
