nb_clients 100
nb_jours 50
nb_camions 6
volume_max_camion 1000

demande_quotidienne
55 57 51 71 60 63 52 50 50 48 60 65 57 72 49 55 64 65 59 56 72 53 51 56 54 48 68 56 56 54 53 57 57 68 71 59 50 67 58 69 60 64 55 53 55 63 56 50 65 57 48 57 66 70 57 72 64 54 61 61 67 57 61 62 53 55 57 56 49 50 49 62 68 56 64 65 68 63 70 58 52 69 54 50 61 54 68 68 62 56 53 59 61 71 66 58 68 65 54 58
51 49 70 55 56 72 66 67 55 51 58 53 57 62 48 49 59 70 50 57 71 69 58 48 58 57 58 52 72 68 61 67 69 50 57 67 54 62 57 52 56 60 67 53 58 66 48 59 49 62 53 59 59 57 66 51 62 54 61 54 51 49 49 49 71 53 67 69 52 67 49 65 63 66 55 58 49 51 64 57 72 61 68 54 63 54 55 62 61 63 49 55 61 62 55 68 61 54 63 54
49 49 56 56 55 64 54 72 55 61 56 52 58 49 58 66 51 66 60 68 68 70 71 49 63 60 50 61 54 66 53 58 57 69 63 68 58 61 64 54 68 69 56 58 60 63 50 56 68 69 54 49 60 67 52 72 56 69 49 53 70 68 62 66 63 71 60 60 54 48 54 53 48 67 56 51 60 72 60 55 65 49 54 53 69 67 58 65 72 63 64 62 48 50 49 70 67 51 63 65
56 67 72 52 49 59 50 72 64 48 57 59 50 50 65 62 60 54 57 60 55 72 63 60 51 50 51 67 59 64 61 61 70 72 62 50 68 54 68 57 63 61 51 65 53 59 53 53 70 52 58 63 58 56 65 48 70 53 48 68 57 51 65 51 63 70 67 63 64 50 64 55 61 57 59 55 72 53 68 48 69 49 67 58 65 62 66 57 64 62 67 67 62 60 52 56 72 67 59 69
58 52 61 50 67 52 69 67 53 57 59 54 66 59 69 67 50 50 60 68 53 58 68 59 58 53 57 48 67 48 64 72 50 59 51 53 53 66 63 69 66 50 72 51 53 68 63 69 71 55 67 69 57 70 60 67 55 63 70 55 57 59 55 71 58 65 68 64 62 60 64 60 58 57 62 61 66 48 56 53 65 62 70 65 67 59 60 60 67 48 52 64 50 62 68 59 67 57 50 72
56 63 55 68 63 67 72 50 52 55 50 57 52 49 53 60 66 69 67 65 70 65 56 48 64 55 53 72 51 54 49 58 50 51 56 49 68 57 67 68 70 53 71 52 68 61 52 70 71 50 65 59 70 48 71 65 52 64 61 52 54 57 63 64 50 60 53 53 56 64 60 65 69 57 60 58 53 60 49 61 48 56 69 48 57 52 50 53 51 67 48 55 55 65 48 63 70 65 53 62
71 70 69 70 60 58 53 64 66 54 51 63 67 59 57 68 61 67 71 49 68 54 56 66 69 66 57 63 68 58 50 55 58 51 69 70 49 67 58 64 63 59 50 53 70 49 63 64 65 67 70 55 49 54 69 50 58 67 52 70 57 51 64 64 48 50 55 67 56 67 48 71 49 48 63 70 52 54 59 55 71 71 59 57 60 68 67 60 49 53 61 63 50 72 64 64 57 65 70 57
54 70 70 61 58 53 54 48 63 61 56 58 72 61 68 61 58 72 67 54 56 56 64 50 48 60 56 67 57 69 68 52 67 72 58 50 53 67 50 70 54 56 69 54 68 63 72 51 68 58 48 62 66 54 53 50 55 64 51 51 58 57 66 66 69 52 71 50 69 53 70 71 48 72 72 53 69 54 56 49 66 58 68 58 71 72 67 59 53 53 72 54 49 49 53 69 49 69 56 70
69 69 63 51 54 52 60 63 67 65 63 65 58 59 61 71 60 49 72 49 53 52 59 55 57 55 59 66 54 67 69 59 60 59 65 70 51 55 54 59 53 65 54 48 48 51 54 57 70 71 58 65 63 49 57 71 60 53 52 60 67 62 59 59 48 62 70 52 62 48 71 71 70 61 54 51 58 57 67 65 49 50 63 53 69 64 49 53 67 55 67 58 67 48 71 69 48 60 61 55
66 52 67 49 52 53 67 57 55 61 71 58 65 68 59 53 71 59 69 65 69 66 59 56 67 58 65 49 65 52 59 66 54 63 63 51 50 68 67 54 53 52 65 70 52 67 49 65 59 50 70 49 67 52 65 53 56 67 49 57 63 56 54 68 63 72 57 64 70 72 49 52 57 61 49 48 59 64 67 59 50 54 61 69 50 61 49 57 54 69 54 53 54 70 71 50 50 48 48 57
64 64 64 61 50 50 64 68 58 69 53 68 54 64 70 65 49 70 49 50 52 61 52 51 72 64 58 64 58 69 56 52 66 66 51 66 68 67 50 67 48 53 49 72 56 65 68 61 72 57 66 59 72 52 64 59 65 62 55 67 62 53 63 68 66 65 48 66 65 66 54 56 66 69 66 71 67 70 62 58 53 57 53 58 57 58 70 54 65 63 67 57 56 59 69 53 58 51 55 58
68 54 53 62 51 57 49 64 48 49 48 68 69 65 53 55 55 59 68 60 60 55 68 62 71 61 57 64 50 58 49 51 53 49 61 48 60 53 61 69 71 49 65 55 59 58 64 59 69 52 48 59 59 51 72 60 66 54 63 59 66 61 65 71 50 60 53 50 62 60 64 54 72 48 50 57 51 52 52 62 62 71 59 72 61 58 60 69 57 60 71 51 58 60 64 50 70 63 61 70
59 55 66 67 53 61 57 51 58 65 49 64 72 68 69 69 55 67 53 72 63 55 64 59 61 62 61 65 69 51 63 48 70 61 72 59 63 71 71 56 54 52 58 59 52 56 65 70 66 69 63 72 67 52 63 60 71 63 59 67 64 72 49 71 69 61 56 66 67 70 53 68 65 53 48 62 69 66 57 52 49 48 55 72 58 52 58 58 62 66 55 56 49 69 50 49 62 51 71 71
68 55 55 63 65 50 65 67 53 53 54 48 54 64 54 55 48 64 63 58 59 56 66 60 66 52 70 72 58 69 68 70 51 67 56 56 51 49 58 70 49 72 60 50 54 70 55 49 63 71 60 59 50 72 68 70 50 52 71 62 70 71 61 64 60 70 51 53 52 49 53 68 62 65 64 63 62 59 66 61 55 68 56 56 66 48 56 60 70 66 58 70 57 70 51 53 64 72 54 53
70 72 60 69 65 52 68 53 67 54 65 50 65 71 50 57 48 50 64 62 69 51 68 64 48 56 56 54 72 72 54 51 56 66 60 56 64 56 48 51 60 59 67 53 71 63 67 71 58 70 71 54 63 55 53 72 53 58 71 49 54 54 71 65 62 64 58 52 67 53 59 66 64 61 71 62 59 58 70 72 72 50 62 63 56 56 52 51 70 69 56 71 62 67 64 68 63 70 62 50
56 59 71 65 51 67 57 67 48 53 60 64 53 69 60 63 53 49 58 55 68 55 60 65 53 54 63 70 69 62 57 60 56 58 61 54 70 68 49 71 69 66 49 72 65 54 71 49 64 63 58 56 72 72 72 49 52 59 49 70 71 60 61 59 55 59 62 59 60 66 48 60 71 52 52 63 61 56 72 53 70 71 62 64 59 59 66 51 72 53 52 57 67 64 69 72 52 50 63 69
70 65 49 69 70 56 67 71 54 72 48 61 61 56 63 53 48 51 52 61 56 65 62 72 50 68 58 56 65 71 70 62 53 48 58 56 56 56 60 58 49 66 67 53 61 56 66 51 55 66 51 51 63 67 56 61 71 51 60 61 72 62 64 68 62 66 53 69 63 64 53 57 59 56 69 68 50 62 69 64 67 68 71 64 70 54 57 69 70 70 65 60 56 65 62 72 64 58 49 58
67 62 59 65 59 52 55 55 67 59 67 50 56 61 62 57 68 61 64 53 66 70 60 55 60 57 58 71 52 56 62 54 54 63 51 68 63 66 53 50 56 67 48 52 58 60 58 59 71 52 50 67 64 49 62 59 53 71 59 71 59 50 59 64 65 51 65 62 69 62 64 67 70 63 53 52 71 68 58 61 52 65 57 62 68 70 68 66 53 53 55 71 62 54 68 61 52 65 48 57
53 65 55 67 58 52 64 69 55 58 70 61 71 51 49 59 64 57 53 62 51 71 57 71 54 68 53 67 50 64 71 69 58 50 48 52 52 67 50 53 66 56 53 49 69 58 58 68 56 62 63 52 71 51 64 58 57 67 56 69 68 57 49 64 48 65 62 69 56 48 64 59 50 70 56 68 67 49 71 65 72 65 62 69 50 63 61 62 64 63 65 71 63 58 66 49 64 54 69 69
66 53 60 66 57 67 59 63 70 49 56 52 61 54 65 61 59 51 54 71 61 56 70 55 66 71 66 62 51 53 51 69 71 70 69 69 71 50 71 63 52 60 66 51 55 55 66 65 53 71 53 53 50 56 52 72 70 56 54 57 50 66 70 50 61 60 62 57 64 60 54 50 60 62 62 68 72 64 63 70 56 57 71 59 54 56 54 63 55 71 65 54 63 58 61 52 59 63 55 56
55 63 48 65 52 67 68 55 64 64 49 67 68 59 62 69 72 60 64 66 48 70 67 57 55 72 52 50 54 61 54 53 53 51 63 72 57 52 49 52 72 64 54 59 70 68 66 60 56 48 58 60 54 60 57 52 61 53 57 51 51 55 51 56 60 60 72 71 56 54 53 58 71 50 56 66 71 68 64 67 71 48 57 62 68 62 59 64 72 55 71 60 71 69 57 69 61 63 58 50
61 60 71 67 68 68 69 48 72 52 48 63 65 59 58 52 67 67 61 55 57 59 63 65 54 55 60 50 52 59 54 65 55 71 56 51 52 56 67 61 71 63 53 51 68 48 51 51 64 51 61 50 69 71 52 54 57 61 51 70 52 59 69 53 70 70 66 62 48 66 63 66 57 61 55 63 53 67 70 60 68 63 64 48 71 55 56 56 72 67 63 66 53 51 49 50 70 58 55 64
66 72 64 53 61 72 65 69 52 63 62 68 69 61 64 57 51 58 52 63 69 72 69 62 52 70 53 54 51 60 55 60 72 71 56 56 72 51 49 59 62 68 48 49 58 72 63 63 69 66 61 53 66 71 53 72 61 52 69 59 72 64 64 69 56 57 67 69 67 63 64 61 72 60 68 71 69 61 53 69 53 51 54 62 52 59 66 69 70 59 49 64 62 48 64 70 59 64 61 71
72 54 72 69 67 60 64 57 67 52 48 60 64 52 52 51 66 70 58 57 49 63 68 49 64 57 63 64 57 61 65 62 54 51 70 48 53 55 58 66 54 52 63 64 50 57 56 57 54 67 49 68 66 65 54 66 65 55 64 49 70 49 55 58 55 66 49 69 53 72 67 58 52 66 53 60 58 69 57 49 63 62 56 70 53 63 56 59 68 48 54 55 64 53 58 50 67 55 48 72
50 49 68 71 72 52 71 62 57 59 70 53 68 65 66 52 63 49 61 54 71 69 68 68 58 56 58 49 69 52 72 70 60 51 72 72 48 65 53 58 54 54 50 54 66 49 63 72 67 48 58 60 56 61 63 68 48 61 60 71 64 49 57 54 72 52 52 68 60 63 50 64 61 67 62 70 62 52 61 64 55 54 56 50 59 69 50 62 53 72 64 64 52 51 59 59 58 64 53 69
71 57 68 69 56 56 56 66 57 48 66 69 50 69 64 54 66 55 61 55 71 69 52 66 56 70 52 61 53 50 57 52 53 66 52 51 60 49 66 54 72 50 69 54 48 60 58 52 56 64 59 66 51 56 49 52 70 58 50 66 67 63 49 70 66 69 65 56 70 50 71 67 63 56 61 53 53 55 66 59 63 72 60 63 51 66 55 61 67 60 60 49 53 61 63 65 63 59 53 65
52 53 63 52 56 48 72 50 52 70 69 52 64 71 57 63 57 52 64 62 58 66 53 59 67 66 72 49 62 64 53 66 54 69 58 58 53 70 71 71 52 66 64 55 67 58 48 66 50 67 70 59 71 68 58 65 66 67 48 65 55 58 58 67 61 64 60 50 65 53 71 53 49 71 53 68 67 58 61 48 64 56 59 65 52 57 52 68 61 51 72 52 68 55 72 50 67 50 48 58
72 65 48 56 51 53 69 71 55 57 49 54 72 50 49 71 49 52 63 72 58 69 54 65 61 61 69 65 65 58 49 53 64 57 56 71 49 72 72 65 57 57 58 51 62 62 58 66 55 49 72 72 62 48 54 56 63 54 69 59 69 59 55 61 58 58 56 53 51 67 64 55 60 68 62 51 54 57 67 59 63 63 70 62 66 61 67 66 72 58 63 69 57 59 48 62 50 58 49 51
60 58 55 72 66 64 71 60 62 62 71 57 64 54 49 65 54 57 59 69 56 49 50 50 51 48 59 65 65 51 54 56 60 67 70 71 55 55 71 66 72 54 57 71 55 53 66 49 63 52 65 70 52 59 56 66 56 68 50 53 55 67 58 62 66 56 72 60 64 60 50 71 62 52 72 64 57 50 66 60 58 64 71 71 67 49 53 63 68 61 61 64 63 63 60 50 49 64 62 70
54 57 67 71 58 70 52 65 66 48 70 66 56 57 59 66 49 48 52 71 67 49 56 59 66 69 52 50 58 53 65 49 51 49 70 67 61 67 68 69 50 67 63 60 61 71 49 48 69 71 71 51 50 68 54 66 67 62 58 49 61 69 50 53 68 68 63 59 49 68 52 70 51 70 48 65 68 71 64 49 50 67 71 58 64 58 57 49 53 55 63 60 63 48 65 56 68 49 60 48
72 53 71 50 48 54 68 66 48 71 64 52 48 54 57 52 58 53 71 70 51 72 61 49 66 56 67 65 57 50 53 64 62 53 67 72 71 69 67 58 57 67 50 52 57 70 51 51 68 65 50 58 50 68 68 51 68 60 68 70 50 64 68 70 70 60 70 50 48 72 56 55 72 60 66 51 59 60 62 57 51 64 59 61 66 60 55 70 53 61 65 55 65 64 55 52 53 54 70 48
66 49 50 71 51 49 57 72 65 54 62 57 55 55 66 56 61 59 70 62 59 70 63 59 70 72 51 48 49 56 71 66 61 51 65 49 62 67 65 69 68 62 59 58 67 60 56 72 57 52 50 56 72 63 54 61 49 51 71 69 70 49 69 68 51 48 70 55 66 63 65 69 69 59 59 64 68 53 71 49 70 72 68 53 58 51 68 55 49 68 61 64 65 67 61 54 51 59 48 61
70 51 50 61 70 56 48 48 58 56 50 52 68 54 51 62 50 52 69 65 60 51 55 60 53 52 69 59 68 54 70 52 71 71 49 56 63 51 49 50 58 70 67 49 65 56 71 53 70 58 48 62 53 72 56 64 50 71 65 60 59 53 58 48 48 68 49 52 66 48 70 57 67 67 59 62 58 59 62 71 58 68 52 72 61 61 70 52 62 56 59 63 67 70 57 64 58 50 67 64
53 52 66 64 58 58 49 72 55 57 61 49 49 51 52 64 71 60 71 49 72 58 55 59 68 51 63 65 55 70 68 55 61 51 55 58 66 56 67 55 51 71 65 63 70 54 65 72 72 51 55 69 54 50 54 60 69 70 52 69 60 61 70 69 54 62 57 64 61 64 48 59 63 50 51 62 61 60 52 66 66 59 62 67 48 70 57 52 52 60 58 56 49 62 57 49 48 50 60 49
59 58 65 54 58 52 55 61 64 61 66 64 55 68 60 48 64 51 64 69 64 54 67 48 51 51 54 66 48 60 52 72 62 60 62 56 58 57 50 65 62 62 61 50 70 63 66 69 63 70 61 51 63 71 72 58 62 63 69 58 65 53 48 69 52 52 52 72 56 63 71 59 67 66 72 55 69 68 48 58 48 60 61 50 71 49 58 65 54 65 62 69 71 71 50 52 53 57 54 59
56 67 72 58 67 50 54 72 62 62 68 55 57 55 48 55 61 53 72 63 56 60 71 69 56 67 50 60 60 71 58 66 54 56 68 61 72 62 51 66 71 56 48 67 58 68 68 55 50 71 58 56 57 58 59 64 62 56 69 68 70 62 55 61 70 72 60 67 53 60 62 69 57 68 65 55 67 54 48 71 58 50 66 64 57 72 64 54 63 48 65 52 70 52 71 51 66 63 64 65
70 51 71 69 49 51 53 60 65 60 49 49 57 71 52 70 59 57 56 66 57 53 64 61 67 51 61 56 63 58 69 69 58 64 60 48 64 54 67 57 61 54 61 55 70 56 71 65 54 51 54 53 59 62 64 48 62 60 53 67 56 61 66 64 69 68 70 51 56 64 65 54 52 71 71 52 52 61 49 53 54 71 56 63 67 56 71 50 69 58 65 57 61 49 61 57 50 48 57 59
63 70 64 65 61 55 66 49 67 65 56 53 60 50 54 71 70 68 56 70 69 60 63 63 69 59 57 50 55 67 69 66 68 60 61 62 55 50 56 63 63 70 66 55 62 65 63 69 62 48 51 52 61 60 56 70 69 64 51 49 71 65 60 59 52 64 70 65 54 51 48 68 52 56 65 67 52 63 70 52 66 53 71 63 68 70 49 48 50 51 60 63 61 63 67 56 58 49 57 69
57 52 58 67 64 62 54 59 63 70 54 61 67 64 69 72 49 65 66 48 62 69 56 63 56 56 69 72 65 52 63 67 58 54 51 72 48 56 61 65 54 49 54 56 55 69 53 54 69 57 70 63 66 61 72 66 71 51 66 65 52 55 49 68 63 57 55 57 64 67 50 66 69 55 62 66 59 68 67 65 48 69 48 65 57 61 67 71 56 60 71 56 58 71 71 50 64 67 51 61
50 50 52 66 55 65 64 54 60 63 71 51 50 53 62 71 48 57 58 67 68 71 53 49 71 71 65 52 50 58 53 58 56 48 51 57 66 66 62 56 71 61 65 63 68 48 54 49 59 65 72 53 66 61 48 53 65 56 63 68 51 71 67 68 59 63 64 63 68 59 58 56 50 64 72 64 67 65 55 55 56 55 70 56 66 58 50 53 68 55 60 53 50 65 58 70 65 49 64 68
53 66 71 56 49 52 49 64 72 53 56 55 56 69 65 55 50 67 72 70 57 58 65 53 52 56 71 54 67 72 54 53 63 70 48 61 53 66 52 56 63 57 51 63 68 56 61 59 53 57 66 63 48 50 55 55 55 55 58 54 66 56 62 57 58 51 68 66 54 59 50 71 50 56 64 59 53 62 71 69 69 60 60 62 66 72 65 67 51 61 64 48 54 60 55 67 56 58 60 60
49 64 65 66 72 50 50 58 71 49 51 59 63 49 57 52 57 70 64 58 59 48 57 57 62 53 58 53 71 49 55 62 65 64 53 51 55 57 55 53 48 67 48 70 65 58 56 68 52 66 70 49 65 57 72 68 69 49 62 70 72 71 61 64 66 51 71 70 60 66 56 63 57 55 71 53 67 56 62 53 48 48 50 64 62 51 55 49 54 60 52 54 55 60 52 70 51 50 50 62
50 62 66 67 49 68 72 64 60 72 48 66 51 49 51 68 65 72 67 65 53 58 55 64 62 72 60 50 72 69 52 66 72 61 66 62 57 50 64 71 67 72 68 72 55 54 53 51 57 52 66 61 54 62 58 65 48 68 65 67 55 48 65 51 53 64 53 59 63 72 53 70 51 70 52 72 54 49 50 71 58 71 72 66 59 50 54 68 49 60 53 59 59 69 64 60 57 48 49 62
70 64 56 68 58 60 66 51 61 48 52 52 57 58 64 66 69 70 56 56 50 50 61 62 69 57 64 67 51 62 63 56 70 70 67 61 63 71 52 55 65 72 57 50 67 71 49 60 67 54 52 48 56 53 51 54 63 61 48 50 49 71 63 49 69 52 72 61 50 48 69 63 64 64 50 63 55 51 53 72 66 56 48 64 58 64 58 54 52 60 50 67 55 65 55 51 71 63 55 63
72 51 64 51 59 59 62 61 53 55 67 67 66 64 54 54 50 55 57 60 50 64 63 50 52 72 70 52 71 61 66 52 62 49 70 54 54 61 52 51 71 67 59 57 69 65 70 67 55 65 48 69 70 48 57 58 52 69 60 51 51 65 50 57 50 60 72 59 68 60 64 63 54 58 71 53 68 55 63 57 49 70 67 65 52 71 55 56 65 56 68 62 70 57 62 64 55 61 71 58
49 55 66 58 71 66 51 48 57 48 55 53 48 50 69 55 48 61 70 72 65 58 64 52 54 50 67 63 70 50 71 64 50 55 69 72 50 64 59 63 72 51 55 70 48 72 60 64 48 49 72 53 62 54 69 63 67 58 54 68 63 54 65 62 51 66 62 51 65 49 72 50 72 51 65 62 70 66 62 55 55 62 57 52 59 53 48 49 48 60 60 51 55 62 65 49 58 50 48 54
55 62 50 66 67 50 62 49 60 59 62 65 64 61 61 54 52 62 50 63 53 62 69 64 51 61 71 57 57 65 71 57 63 65 62 48 49 68 61 69 67 51 63 52 70 65 69 68 61 71 58 53 51 53 69 66 61 58 55 57 71 58 48 70 60 71 49 59 52 61 48 64 68 59 66 71 63 66 64 64 58 63 66 50 65 61 72 66 55 56 49 67 56 69 68 56 61 72 67 52
67 56 66 48 71 58 57 49 69 67 49 50 56 52 57 54 60 59 62 52 53 51 49 53 72 49 71 57 53 52 63 62 72 68 62 54 51 65 67 58 68 69 58 53 55 51 62 71 68 55 61 63 66 65 71 58 52 57 56 64 60 51 68 72 53 65 67 49 62 52 56 70 54 70 50 66 72 72 66 56 63 57 63 58 72 67 51 49 68 60 66 49 48 65 67 58 60 65 48 50
59 49 70 49 53 65 62 48 69 59 71 53 49 54 56 72 70 67 54 49 63 66 49 50 58 61 49 55 62 58 58 51 63 52 48 68 63 72 57 63 52 70 60 67 50 53 48 65 61 56 62 51 64 54 67 68 51 68 63 67 60 63 53 58 57 53 53 68 51 61 68 63 50 70 59 70 71 69 68 55 50 71 62 57 54 59 65 48 71 60 71 62 53 53 55 60 68 50 51 58
51 48 71 56 71 57 50 55 65 71 63 54 67 66 56 56 68 54 57 56 67 60 59 61 70 62 56 62 66 67 49 52 69 58 54 53 58 51 65 55 52 69 60 69 53 49 69 64 58 69 58 48 67 60 68 66 51 69 69 67 64 62 56 50 49 68 64 55 62 61 66 61 49 67 54 57 52 55 53 58 70 62 49 68 58 49 57 71 57 68 58 60 67 52 60 71 62 59 56 60
