nb_clients 100
nb_jours 50
nb_camions 6
volume_max_camion 1000

demande_quotidienne
37 0 41 37 39 42 0 43 42 36 42 35 40 0 41 37 37 0 0 41 41 40 40 0 37 37 43 0 41 40 43 0 43 44 36 0 0 42 35 38 0 35 38 40 42 0 40 0 0 40 0 0 0 42 40 37 39 0 35 37 40 37 38 43 40 44 43 38 40 0 40 42 39 41 0 40 42 37 39 43 35 38 42 43 43 37 43 39 41 0 42 36 43 0 37 0 0 0 38 36
35 39 41 39 35 38 43 35 38 0 34 37 38 0 38 35 34 0 40 43 34 0 42 40 38 40 37 0 36 34 0 34 35 35 40 0 34 36 38 37 40 37 0 0 34 0 38 38 35 0 38 39 40 38 41 40 0 0 0 40 43 40 0 38 0 42 42 36 37 38 0 0 0 40 0 0 43 38 40 0 34 38 0 40 0 35 0 0 41 0 39 0 41 38 40 42 37 42 39 34
40 34 41 34 0 37 41 0 37 40 0 38 35 0 35 38 0 38 40 37 37 0 38 35 43 34 40 0 42 35 37 0 36 41 0 0 0 38 35 41 38 41 0 0 0 40 0 38 41 0 39 0 35 35 38 42 41 0 40 39 37 0 0 0 34 40 36 38 43 40 35 37 38 43 41 0 43 40 38 0 35 38 37 40 43 37 39 38 0 38 37 38 0 38 0 38 35 0 34 0
0 0 41 42 0 38 36 45 42 45 0 0 0 39 42 40 38 37 43 39 0 45 38 36 0 0 45 0 38 41 43 36 36 42 0 37 38 42 0 38 44 36 42 0 41 36 43 0 40 38 0 42 0 45 45 36 40 38 38 0 42 37 38 38 0 39 45 38 36 42 44 43 0 36 0 39 38 39 43 42 42 41 36 42 40 45 36 0 45 38 36 37 36 37 42 36 0 0 42 42
0 43 41 43 40 43 44 47 44 46 42 0 42 41 0 44 40 41 46 39 48 0 44 49 40 46 0 39 43 45 0 47 49 46 44 47 49 39 46 44 39 43 0 45 49 48 43 0 0 44 45 39 41 41 0 42 48 46 40 49 44 0 44 0 0 43 43 0 49 42 40 45 48 40 48 47 46 49 44 47 40 48 0 46 46 0 49 46 48 39 45 41 0 49 0 39 46 40 46 40
0 42 38 37 41 0 37 38 45 42 45 40 0 40 46 0 37 46 44 43 0 45 39 0 0 45 38 0 37 0 0 44 38 38 39 38 45 0 42 44 45 46 42 40 41 44 42 41 0 42 38 0 43 39 42 45 38 0 45 44 0 44 45 0 45 42 38 0 0 38 38 38 42 45 42 45 43 42 44 45 0 38 40 46 39 38 44 0 41 39 0 43 46 40 45 45 42 0 44 44
0 36 0 33 0 38 0 38 36 0 40 37 36 37 38 0 35 38 41 38 0 40 0 38 40 41 39 33 0 41 0 38 0 41 33 38 36 36 41 41 0 41 0 0 36 36 36 42 36 35 35 0 41 41 33 0 35 33 0 35 38 34 0 42 34 34 34 0 0 0 37 38 40 41 41 37 33 33 37 37 38 38 0 34 0 0 0 41 38 38 35 39 0 34 0 0 0 38 34 38
42 39 37 42 44 40 44 45 40 0 41 39 44 44 44 0 45 0 37 45 40 44 0 42 42 37 0 41 42 40 36 44 39 44 44 43 0 0 44 44 44 44 0 37 40 44 41 0 37 42 37 40 44 44 44 0 0 42 39 0 37 41 0 0 45 37 44 0 37 0 37 0 42 0 43 0 41 40 37 39 39 41 36 0 36 41 0 39 38 44 45 42 0 40 41 41 42 0 45 0
41 43 38 39 40 44 38 45 0 0 46 46 38 0 46 39 44 42 45 46 42 0 39 0 44 0 42 46 39 43 0 39 0 39 39 40 0 46 40 37 46 43 42 42 41 43 44 40 45 43 43 0 46 40 45 43 0 44 39 0 45 37 0 0 46 45 0 43 39 43 45 0 39 39 0 43 39 0 43 45 43 38 44 0 45 0 39 43 46 0 44 37 37 41 44 39 0 38 43 43
0 40 0 40 40 44 44 38 37 0 0 0 44 37 44 40 45 38 37 38 41 44 0 38 41 0 37 0 0 41 0 38 44 38 41 41 0 44 37 42 41 38 44 0 39 36 0 0 45 44 41 41 38 41 0 44 0 40 40 41 42 40 43 41 38 36 45 38 39 45 40 0 41 0 38 38 38 36 38 43 41 42 0 0 36 38 37 43 38 41 0 38 0 36 41 41 40 41 0 0
0 38 40 42 0 42 0 38 0 40 0 42 43 40 39 0 45 38 41 38 45 38 47 46 41 41 47 43 47 41 43 0 44 41 38 41 45 41 41 38 38 45 42 0 45 45 38 38 38 0 38 0 0 44 38 43 38 40 45 44 41 40 47 43 41 47 43 41 45 38 0 0 47 45 0 42 38 41 39 0 38 44 42 44 0 44 45 47 0 39 46 46 42 44 0 0 41 0 0 43
0 40 44 43 40 39 0 36 41 43 44 42 43 43 39 0 35 36 0 43 0 0 0 36 44 43 42 0 36 0 37 0 0 42 0 42 0 40 40 0 42 0 39 35 36 37 39 44 36 39 42 38 36 40 36 42 37 0 43 35 36 42 36 0 35 36 0 38 0 37 41 0 39 0 0 42 39 44 41 44 37 40 36 42 0 0 0 36 42 35 36 37 38 36 36 40 39 37 0 42
37 44 0 45 44 0 40 41 0 44 41 45 37 39 0 41 41 0 37 42 0 0 39 0 0 37 40 0 38 41 0 37 42 44 44 40 41 45 44 37 43 42 0 0 40 0 40 38 0 0 37 39 38 40 0 44 38 44 38 44 43 41 0 42 0 40 38 43 41 41 45 41 0 43 0 39 36 0 37 0 44 38 39 42 42 36 44 41 36 38 44 38 39 41 41 36 40 41 0 38
45 45 0 38 0 41 39 0 0 37 38 0 41 45 45 45 0 41 45 44 40 38 41 0 41 41 42 42 38 40 39 39 36 41 0 40 45 39 45 38 45 42 36 36 38 44 0 38 42 36 38 36 36 0 45 0 0 40 45 40 42 36 0 0 0 36 39 41 40 36 43 42 45 37 0 0 0 38 44 45 0 41 0 39 0 36 36 0 36 44 44 0 45 45 43 0 38 45 45 45
41 0 0 41 43 38 40 37 0 37 37 42 0 37 42 42 0 0 46 44 43 41 0 43 44 38 40 38 37 44 38 0 37 41 46 41 42 42 40 0 40 42 0 43 38 0 41 38 43 37 41 42 39 0 0 44 0 37 0 44 44 43 37 0 0 40 46 45 46 40 37 41 0 37 41 37 0 42 46 44 0 39 40 41 38 44 41 41 41 37 40 39 0 41 41 0 41 43 40 37
38 0 0 41 37 42 39 39 0 37 45 43 37 45 0 37 44 0 0 45 37 41 40 42 42 40 40 0 43 0 38 39 42 0 38 38 45 38 0 0 44 41 44 37 38 0 0 0 46 44 38 40 39 44 38 38 0 43 0 43 39 41 0 37 41 41 0 0 0 37 38 37 38 40 38 41 40 44 37 39 37 0 38 42 0 37 40 43 42 37 45 40 42 37 45 0 43 45 46 42
45 43 44 44 44 41 44 40 44 0 0 40 48 45 41 47 47 40 0 0 42 41 40 40 0 45 38 0 45 40 39 45 38 0 39 48 0 45 0 42 44 47 48 0 39 44 0 45 44 42 40 45 45 40 42 44 44 45 42 0 42 45 42 47 45 48 0 42 47 42 41 41 0 40 39 45 44 40 47 42 47 0 0 0 43 41 44 0 44 42 44 48 40 45 44 0 44 0 38 39
37 0 38 0 41 0 33 0 37 37 35 33 36 38 35 33 38 37 33 0 40 0 0 38 0 33 35 36 0 0 37 0 36 39 39 33 39 37 34 0 35 0 36 0 0 33 34 33 35 0 37 35 0 33 33 38 0 36 0 0 40 36 40 41 35 37 0 39 0 33 38 37 35 37 34 35 35 38 0 0 0 0 33 37 33 0 0 37 0 37 0 37 35 34 37 35 38 39 0 39
47 47 42 43 42 39 47 47 47 0 39 0 48 47 43 39 38 43 44 43 0 39 47 43 47 43 46 41 43 0 47 43 39 38 47 45 0 45 0 0 46 39 40 41 44 45 43 42 43 44 47 45 0 41 46 0 43 46 40 0 45 43 46 0 43 43 48 0 0 47 45 41 44 38 0 43 42 47 41 44 41 0 0 0 39 45 0 41 43 40 48 38 43 44 41 43 47 47 0 41
0 38 0 0 36 37 37 38 37 35 43 38 0 35 37 37 37 0 36 0 0 37 40 43 0 37 43 42 38 41 37 36 42 43 40 39 41 40 0 0 0 42 37 40 38 0 35 43 0 40 40 35 41 36 0 0 39 42 40 37 39 40 0 0 39 0 40 43 36 35 43 0 0 43 36 41 38 0 38 40 0 37 0 42 40 36 40 38 0 35 0 38 42 37 0 35 43 0 40 41
36 39 40 36 38 36 0 41 40 36 0 0 0 0 41 41 36 0 0 36 39 34 35 36 41 35 39 37 41 0 36 38 34 0 41 38 34 38 37 38 0 37 38 39 36 0 41 33 0 38 41 35 0 0 40 34 34 34 0 0 34 0 38 38 0 37 36 0 0 36 40 36 35 0 0 35 0 0 0 37 0 36 0 40 34 0 39 41 38 35 0 0 35 36 41 0 41 36 34 34
45 38 46 37 0 42 40 37 40 0 0 38 0 44 42 39 43 38 40 42 45 41 0 43 44 0 41 46 0 39 39 43 0 43 41 38 0 36 38 41 44 36 39 46 46 38 43 45 39 45 45 0 40 39 36 0 0 0 45 40 39 37 0 39 0 37 42 41 45 39 0 37 43 40 0 43 45 38 39 38 0 0 37 0 38 37 36 45 37 44 46 43 0 45 42 0 44 0 42 39
39 46 37 0 40 45 46 42 39 37 0 41 44 46 41 41 38 37 47 40 42 37 47 44 0 45 46 0 45 40 43 0 40 0 37 41 0 40 0 42 42 38 42 41 0 38 44 45 44 0 40 38 37 42 37 0 41 40 40 43 44 44 40 0 0 44 0 0 46 40 44 44 42 0 0 0 0 39 47 43 44 44 0 40 44 44 39 43 44 39 40 44 39 40 41 0 40 38 38 43
0 43 47 40 0 47 42 0 38 38 43 45 38 38 46 44 43 0 0 0 46 41 0 0 43 41 0 0 47 0 41 46 45 38 42 46 38 0 46 40 40 38 39 46 42 44 46 47 46 44 39 46 39 38 46 41 44 44 0 43 38 0 46 43 38 42 46 46 42 44 47 42 0 43 42 0 38 0 41 43 46 0 41 47 0 0 41 40 42 38 0 41 46 43 42 43 47 40 46 42
0 37 0 39 44 37 44 41 39 41 38 41 38 45 0 43 42 40 41 41 44 44 41 41 41 0 0 45 46 41 41 45 41 0 43 39 38 39 39 46 44 0 45 41 45 38 44 0 41 0 42 41 43 43 0 41 0 0 42 41 37 45 43 45 38 37 39 0 45 46 0 38 38 0 46 0 38 38 38 0 39 40 43 38 41 41 38 38 39 45 45 0 42 0 0 0 0 37 40 43
36 42 0 39 0 40 38 0 39 38 36 38 40 0 38 39 38 44 36 39 0 0 0 0 42 38 42 0 40 36 42 0 39 0 37 45 39 42 36 45 0 0 0 39 37 39 38 38 43 0 0 36 0 40 0 0 42 0 39 42 39 42 38 41 38 39 39 43 0 36 40 45 40 44 39 45 43 45 0 38 0 44 36 42 42 36 0 37 39 39 42 37 38 39 0 36 45 39 42 42
35 0 38 40 0 34 39 39 43 42 39 43 0 39 0 35 43 0 0 39 37 39 40 36 39 0 39 0 42 38 0 34 40 0 39 41 39 40 0 34 0 35 42 37 0 36 40 0 41 36 36 42 0 0 38 35 38 0 34 0 38 34 0 34 39 36 0 41 0 40 0 38 42 39 43 0 0 41 39 41 40 42 35 35 0 35 41 0 36 35 37 0 41 38 34 43 36 0 42 39
0 36 41 43 37 0 43 0 0 42 38 0 39 0 35 37 43 41 42 35 0 44 42 39 36 43 0 40 41 0 39 42 40 36 42 43 0 38 0 38 36 37 0 36 0 39 40 44 0 37 0 43 41 0 38 39 39 44 0 44 36 38 39 36 36 39 0 38 0 40 0 41 39 37 0 42 39 0 42 43 0 40 35 0 42 40 41 0 42 38 42 0 41 41 43 40 44 43 37 44
40 0 45 38 42 46 42 42 0 38 39 40 0 38 0 44 40 37 38 39 45 39 42 45 0 0 0 41 0 39 43 45 38 37 41 0 40 42 44 37 46 45 41 46 40 38 0 0 0 44 42 40 43 42 0 0 38 39 43 0 41 43 0 0 37 38 37 42 38 0 38 38 41 44 39 42 45 43 0 43 37 0 46 43 39 45 41 38 0 40 0 39 41 46 41 44 42 38 42 42
43 0 40 36 41 40 36 0 44 45 42 36 0 40 39 39 0 36 37 0 45 36 40 44 36 40 44 40 45 38 0 36 40 36 39 39 37 40 43 39 40 0 36 0 44 42 0 0 38 44 40 39 44 39 39 42 37 38 0 0 36 0 43 37 41 0 0 37 0 0 0 0 42 41 37 0 40 39 40 0 42 40 36 38 40 0 36 0 45 43 42 39 45 39 39 39 44 43 0 40
40 0 41 37 0 0 36 38 33 0 0 39 41 41 35 40 0 35 40 40 37 40 35 40 40 0 38 0 36 39 35 37 35 0 0 33 40 33 0 39 33 40 0 37 33 41 39 0 0 0 35 0 36 0 0 38 34 35 34 0 37 41 41 0 37 35 0 35 0 40 39 41 41 41 0 0 0 36 33 39 0 37 33 38 37 37 33 0 37 36 0 0 36 40 39 37 33 0 0 33
43 39 41 45 44 0 39 42 0 0 0 42 0 39 45 0 0 42 43 43 39 40 36 0 42 0 0 38 42 38 43 45 36 38 0 37 42 0 0 0 40 42 0 36 36 39 38 0 45 40 45 38 36 36 36 44 0 42 44 39 43 38 37 41 37 0 0 39 36 41 42 43 0 37 38 0 43 41 39 40 43 36 38 42 39 0 39 36 0 37 37 43 42 36 41 0 0 45 38 36
35 35 39 37 41 0 0 42 38 33 36 34 38 36 39 38 36 34 0 40 40 41 40 35 0 0 39 36 0 0 38 42 42 38 33 0 0 34 36 0 0 41 35 34 34 0 33 42 35 0 37 40 37 38 41 38 36 0 34 0 0 0 0 33 33 0 37 33 0 35 36 34 33 36 40 41 0 0 0 33 38 41 38 33 0 37 0 39 0 36 0 41 34 37 0 40 36 39 41 0
43 0 0 0 39 47 46 41 44 46 45 39 43 42 39 46 47 45 45 48 42 0 41 41 41 45 47 46 0 44 46 46 42 48 47 0 40 40 47 0 46 0 46 38 41 40 0 44 42 47 47 43 46 48 43 47 44 45 45 0 43 45 43 48 42 39 47 46 46 0 0 39 39 0 46 43 42 47 0 42 0 41 44 46 47 0 44 40 39 46 43 0 0 41 47 44 42 38 0 46
38 43 44 38 36 0 42 0 0 35 0 41 0 41 40 42 0 40 40 44 35 37 44 35 40 40 41 36 0 37 0 43 37 0 0 36 0 42 39 43 44 44 0 39 43 35 38 39 43 0 0 0 0 41 39 44 0 38 40 44 0 35 0 35 36 38 39 0 41 36 41 43 40 0 40 35 38 41 41 37 0 40 38 37 40 44 41 36 36 36 0 38 0 38 44 39 0 41 44 41
35 0 0 0 0 36 41 43 44 38 40 37 39 37 39 39 41 39 36 37 41 36 39 37 0 38 36 37 41 0 38 42 41 41 38 0 36 40 36 38 36 0 0 0 38 0 43 0 0 37 43 0 0 42 0 36 0 37 38 39 43 39 44 44 0 36 43 0 40 44 35 0 44 38 38 35 39 41 39 0 41 38 39 44 0 41 0 36 39 44 44 38 44 0 38 42 41 0 42 41
0 0 37 43 38 0 36 40 0 41 40 42 36 38 0 36 35 38 35 41 0 35 37 0 38 0 36 41 40 42 36 0 38 41 38 41 0 41 37 0 38 0 39 0 36 0 39 37 41 36 38 41 44 0 36 41 0 40 40 38 38 38 0 38 39 0 43 36 0 36 0 39 36 44 0 36 43 0 36 0 40 37 0 38 41 39 43 35 0 37 35 39 41 41 38 38 0 38 36 38
34 36 0 35 0 35 43 36 40 0 0 34 0 38 42 40 0 0 36 35 0 0 40 41 37 40 38 34 0 0 36 40 42 40 40 0 0 39 41 40 41 41 43 34 0 0 0 41 38 0 38 0 35 38 34 37 38 40 39 38 38 40 0 0 0 40 37 35 43 0 35 0 0 37 39 39 35 40 37 0 0 38 38 0 36 41 38 0 36 39 36 40 38 35 41 34 34 40 39 40
43 0 0 46 47 43 47 46 43 41 42 44 0 46 46 38 45 43 45 39 40 46 41 40 42 42 39 0 41 0 45 48 43 41 42 42 47 41 38 45 38 46 44 39 0 46 0 41 0 39 40 46 47 39 42 39 40 40 46 48 47 46 46 0 45 0 46 44 0 0 41 0 0 45 0 46 0 42 46 0 42 46 46 45 0 47 47 41 42 0 42 40 41 46 41 47 41 43 46 42
41 44 0 0 37 36 40 44 0 41 44 0 42 0 40 39 41 40 0 0 39 0 37 36 37 36 39 0 41 42 41 0 44 0 0 36 45 36 38 39 43 44 0 39 44 43 40 38 43 0 0 40 0 45 0 38 44 45 0 44 38 38 42 45 38 37 45 0 44 39 44 45 41 39 44 45 37 42 41 37 40 44 40 0 41 0 38 36 41 37 39 37 38 44 40 0 0 0 37 40
42 43 35 36 43 0 44 40 0 39 39 35 42 38 36 35 42 38 42 0 0 38 37 42 36 0 0 41 0 0 36 40 0 41 36 39 0 42 0 42 0 35 0 39 39 42 39 39 42 0 36 0 39 0 42 37 43 41 40 36 36 0 39 42 37 0 42 0 42 42 39 44 37 0 0 44 37 41 36 35 36 44 44 0 43 0 41 41 39 0 0 36 42 0 43 37 41 42 40 39
47 46 43 43 41 47 47 0 0 0 47 0 43 43 0 48 41 0 44 41 48 39 43 47 43 48 39 48 39 43 43 39 41 0 47 0 41 42 46 43 0 43 43 0 43 47 45 0 46 0 0 43 42 48 47 0 43 44 47 46 42 39 39 44 45 45 39 0 39 0 44 42 48 46 42 48 0 46 39 44 48 48 46 44 45 47 48 45 46 42 47 44 0 39 0 41 41 47 43 43
0 42 0 0 41 0 38 0 37 43 0 37 36 37 35 40 39 35 0 41 36 39 0 43 38 37 43 43 0 43 35 35 37 43 43 43 0 0 0 41 0 41 38 41 40 35 0 37 41 43 0 37 0 42 35 43 40 37 40 43 35 0 35 36 37 40 41 40 0 35 42 0 35 35 39 40 0 37 0 37 0 0 38 0 40 42 38 40 43 37 43 40 42 38 0 43 0 35 39 0
41 35 40 38 36 34 0 43 37 36 35 0 0 36 42 39 0 40 41 42 41 37 35 0 42 0 36 37 41 36 40 34 41 37 39 40 37 39 40 34 0 42 37 0 39 35 39 39 37 43 0 39 40 37 42 0 0 37 35 0 35 40 35 0 40 41 39 35 0 37 0 0 36 0 36 37 35 36 37 0 0 39 38 34 0 37 42 0 0 41 0 38 0 43 41 37 0 0 34 0
44 36 40 44 36 41 41 46 37 38 38 44 0 0 40 39 0 43 37 0 42 39 43 41 37 46 36 39 39 0 46 42 43 45 43 39 43 0 0 0 0 0 39 0 44 0 45 0 42 46 38 40 42 38 43 39 0 0 38 41 0 45 37 42 42 42 42 39 45 38 46 39 39 42 0 39 36 0 0 39 41 39 0 39 39 39 36 39 39 39 0 42 0 0 46 42 41 41 42 44
40 45 39 45 42 0 44 0 40 0 45 44 38 40 36 0 40 37 0 46 42 0 37 45 0 39 38 44 43 40 0 39 45 36 0 0 40 46 43 39 46 0 41 38 36 44 40 40 40 38 45 42 40 0 40 44 44 39 44 38 40 0 38 0 0 0 43 44 44 44 40 44 46 41 42 0 45 41 44 40 0 38 36 0 42 45 46 40 41 43 0 37 0 0 42 45 46 0 43 36
0 39 46 40 0 39 0 0 39 40 39 0 44 40 46 0 41 46 0 41 38 41 39 42 46 41 46 43 44 40 46 37 43 42 0 0 43 40 46 38 39 37 46 42 39 44 43 45 0 46 0 0 39 38 43 46 0 44 41 38 45 42 42 46 0 39 46 46 0 39 0 44 44 40 43 43 0 0 43 40 46 0 43 39 39 38 42 43 37 44 46 46 40 40 45 0 0 0 41 45
37 0 38 39 42 0 41 37 43 46 44 38 40 0 0 44 42 37 45 41 45 46 37 42 44 45 39 39 0 45 44 0 43 37 0 38 0 37 0 0 42 37 0 38 39 40 38 41 40 44 43 39 0 44 43 39 45 45 37 0 0 44 45 39 43 0 42 0 45 39 0 42 38 0 37 0 46 40 0 37 37 44 0 37 46 44 45 39 40 37 44 40 46 37 44 0 37 0 46 42
43 43 37 0 0 44 44 41 44 36 45 0 44 0 44 0 0 42 36 38 44 39 39 38 44 0 45 41 0 43 40 0 44 44 41 43 45 0 42 36 41 41 41 43 41 42 0 43 41 39 37 44 40 43 38 41 0 38 41 0 45 39 43 0 0 42 0 41 0 36 36 0 0 0 42 44 0 41 38 36 0 38 38 38 44 45 37 38 45 39 43 38 36 41 44 42 0 0 44 37
39 34 39 0 0 36 0 0 41 40 41 37 39 36 0 34 0 41 41 34 34 36 0 0 42 39 41 36 35 36 0 41 39 0 37 38 41 39 0 41 36 38 0 35 34 35 0 36 41 34 0 34 39 39 0 34 0 41 39 0 0 34 0 35 38 34 35 38 37 41 41 0 0 0 38 34 0 40 40 37 36 0 37 0 0 37 0 34 41 34 0 38 35 39 39 34 41 38 35 0
