nb_clients 100
nb_jours 50
nb_camions 6
volume_max_camion 1000

demande_quotidienne
34 0 35 41 37 50 49 0 39 0 38 47 34 46 0 0 43 48 42 0 45 41 0 44 45 39 0 34 41 44 0 0 43 45 37 46 0 39 0 34 0 0 37 36 45 45 41 45 49 0 37 0 0 50 45 51 41 0 41 41 44 37 51 0 0 50 0 48 45 39 44 39 44 45 0 41 49 44 0 0 46 50 46 50 44 44 0 39 41 0 37 47 39 51 44 40 0 49 0 0
46 46 49 48 47 44 41 51 39 0 46 42 50 48 36 42 51 0 39 0 0 0 0 0 35 40 0 39 0 0 52 46 0 40 39 0 0 0 50 0 35 35 42 0 38 0 50 34 0 36 36 34 35 51 0 42 40 0 0 51 38 46 50 0 43 47 35 39 37 35 34 0 48 49 51 51 36 41 42 45 34 41 44 47 52 48 51 35 40 0 43 48 0 37 45 39 0 50 0 0
0 37 47 40 49 50 55 46 48 49 44 0 0 43 43 51 47 0 37 53 50 0 0 37 43 37 40 0 40 0 0 0 42 49 53 37 42 42 53 47 38 0 38 0 0 51 51 53 45 43 53 0 0 0 55 37 40 0 46 47 0 39 49 0 38 42 39 39 37 0 55 42 39 41 37 49 53 47 47 43 50 52 46 41 53 55 0 54 47 47 49 37 50 50 37 47 0 0 40 39
51 0 44 0 48 38 50 44 42 52 44 42 0 51 0 38 0 0 40 54 0 0 46 0 45 51 47 46 40 0 0 0 36 42 36 44 42 53 0 41 54 47 40 38 49 44 0 52 46 39 54 44 0 38 0 0 38 37 50 43 51 45 0 0 38 36 50 0 47 54 0 53 52 47 0 44 46 0 44 0 47 48 47 53 53 45 0 51 42 45 41 39 47 50 42 0 45 52 51 52
38 50 54 50 0 0 44 40 49 39 0 38 38 52 0 37 39 0 45 0 53 0 52 44 0 40 48 43 38 39 49 54 46 38 44 48 41 0 48 0 0 40 47 0 41 0 44 54 50 54 39 47 47 54 36 51 45 54 0 45 0 37 48 42 45 42 53 54 46 53 0 0 44 49 44 53 54 0 38 54 54 0 49 51 41 45 52 45 0 0 44 0 0 53 47 51 40 0 36 45
43 57 0 54 48 0 0 48 52 58 43 45 0 53 53 43 50 0 0 38 54 55 49 0 45 51 53 42 49 56 43 58 40 47 38 50 52 55 55 40 0 53 50 0 46 49 0 51 49 38 40 54 58 0 42 58 0 48 0 55 54 57 0 39 42 50 48 49 55 0 41 0 0 52 49 38 47 0 52 48 53 49 43 55 45 50 54 0 50 56 52 56 45 40 45 0 45 46 54 45
49 0 44 47 36 0 49 0 0 0 47 38 47 49 36 41 36 0 45 47 0 47 0 36 37 37 50 0 43 0 42 0 36 42 45 43 38 46 45 41 0 38 51 45 49 0 0 42 38 0 40 46 39 0 50 43 0 43 38 0 40 0 47 0 0 44 52 42 0 52 49 47 0 51 52 42 52 44 52 51 51 49 52 0 41 47 49 49 50 36 43 0 0 46 38 41 43 0 46 36
42 46 47 41 38 40 46 42 46 0 56 57 54 48 38 51 46 43 0 0 51 0 50 0 41 46 0 43 50 40 41 43 46 44 41 48 0 44 39 0 43 0 55 43 56 53 39 0 0 54 57 53 39 41 42 39 48 49 57 44 41 46 50 52 40 46 54 57 55 0 47 0 0 47 0 50 50 53 46 51 53 53 39 52 50 0 54 0 47 0 49 42 48 47 50 0 39 40 49 0
38 37 50 47 38 36 44 41 45 0 35 0 37 50 43 40 38 0 0 44 50 36 42 49 45 36 0 40 36 46 38 0 0 0 51 47 47 0 36 39 47 0 47 42 50 0 40 0 0 46 35 38 47 37 40 37 0 0 36 49 39 49 44 42 49 49 0 51 47 47 0 50 0 47 37 38 49 0 38 44 39 41 42 0 0 0 38 44 42 0 37 0 0 0 41 0 47 52 46 41
43 0 55 41 0 51 54 0 37 0 0 56 42 42 42 47 0 38 53 41 53 37 56 44 55 56 49 51 38 56 56 43 41 52 45 38 55 42 0 41 53 0 0 41 0 0 54 48 53 45 42 41 0 55 0 50 52 39 48 0 54 56 38 0 45 54 40 53 55 56 0 37 0 48 45 44 51 56 0 52 50 56 0 48 0 41 55 41 48 0 46 47 49 52 44 52 42 52 49 48
37 49 0 45 39 0 34 36 40 46 46 43 37 49 0 46 0 45 0 0 39 0 44 0 35 33 0 0 39 33 39 0 38 48 47 39 42 34 42 43 48 0 39 0 0 35 37 35 0 46 0 0 48 34 46 0 42 38 0 0 0 43 37 35 0 39 37 0 46 0 0 45 46 48 0 44 42 37 0 37 44 33 38 47 37 35 46 48 41 0 0 42 0 41 43 41 39 37 0 37
35 46 46 36 48 46 49 34 35 0 50 43 43 0 46 40 36 42 46 42 46 45 0 36 50 44 0 0 0 0 34 0 45 35 0 0 37 38 0 39 0 35 48 0 48 41 51 36 48 0 46 36 49 49 37 43 50 0 35 0 46 0 40 45 35 0 42 51 41 49 0 0 0 36 48 42 0 48 40 0 41 46 0 37 0 0 41 43 48 34 0 49 46 0 35 49 36 50 46 46
46 50 42 42 42 38 0 36 46 34 33 45 50 0 40 47 0 39 33 34 38 0 0 41 34 40 35 46 34 0 38 45 37 35 33 48 0 0 44 38 45 0 38 34 44 44 0 41 0 0 36 42 36 0 0 40 34 0 36 44 43 0 0 0 43 0 43 46 36 40 36 33 38 0 0 0 0 0 45 47 38 43 0 43 37 0 42 38 50 38 40 50 0 0 0 46 0 42 39 33
46 45 47 0 0 40 0 0 50 44 42 45 0 44 49 39 0 46 0 0 40 51 42 43 36 45 0 0 0 48 49 43 36 43 48 44 48 45 44 0 50 43 44 48 51 50 0 0 0 46 42 37 37 39 49 48 0 0 44 0 0 50 37 43 0 41 47 43 40 0 50 40 0 41 49 0 43 0 35 38 44 36 36 34 42 41 0 41 50 43 37 50 41 35 0 0 45 0 48 39
0 0 47 33 0 0 0 44 0 49 0 34 33 40 0 0 47 47 33 44 47 46 38 38 50 47 40 37 40 0 50 42 46 47 50 0 0 0 0 35 0 38 46 41 38 0 0 37 0 45 47 50 47 38 38 46 43 38 42 39 46 38 0 0 0 42 0 44 0 0 47 37 48 0 50 0 47 37 44 47 33 50 36 38 49 38 0 47 0 43 50 47 38 0 37 39 42 47 0 33
49 43 48 41 55 0 53 0 43 42 52 44 43 60 52 57 42 47 43 53 54 42 54 0 48 48 40 54 54 0 42 0 43 44 0 48 52 45 41 0 49 52 0 43 46 56 49 57 48 0 57 43 45 43 46 40 49 43 47 43 49 60 0 0 59 56 43 49 43 51 60 60 45 48 54 60 40 60 40 49 57 43 60 42 0 60 0 43 60 53 51 0 49 53 58 0 48 42 57 43
53 38 36 0 39 44 53 39 43 54 0 52 49 39 0 41 0 53 54 53 41 44 37 40 0 46 40 46 51 52 0 44 46 47 0 49 44 40 48 0 0 0 39 52 45 0 0 54 54 0 41 0 0 50 49 53 38 37 48 50 53 50 0 40 52 50 0 0 37 49 44 0 48 41 41 52 47 0 0 47 38 44 41 37 44 0 0 36 50 38 0 42 44 49 41 44 46 41 37 39
37 36 50 37 42 36 0 48 40 50 0 43 0 0 43 33 49 36 0 38 43 33 38 42 0 0 37 39 39 39 46 0 45 40 0 46 0 44 44 42 0 40 42 37 0 43 40 0 43 0 43 46 49 41 46 0 46 33 39 43 0 43 50 0 45 46 44 45 0 0 37 38 0 36 50 38 0 43 0 45 38 0 42 0 35 40 43 0 0 45 0 50 0 48 37 38 46 0 0 46
36 0 48 53 0 40 39 52 44 40 0 0 40 0 41 48 0 49 0 0 0 50 49 44 47 52 36 36 46 40 48 0 42 52 50 36 46 43 39 0 36 40 43 41 0 0 41 51 0 41 36 0 43 35 45 50 40 39 44 52 51 0 38 45 52 42 37 51 39 53 36 45 0 0 49 38 35 0 43 40 51 0 49 53 48 0 45 51 53 49 52 49 0 37 0 0 0 35 52 0
50 0 33 36 33 39 0 35 33 47 45 33 41 0 0 0 0 47 47 47 0 42 33 0 0 36 46 48 42 45 34 45 38 35 0 0 38 34 37 47 0 47 36 0 33 36 0 0 37 0 38 39 0 48 0 47 37 47 0 0 0 35 0 0 48 36 37 37 41 39 33 34 0 45 39 0 41 0 45 50 39 0 34 0 39 34 43 44 47 36 0 45 41 39 46 42 0 42 47 35
0 37 47 0 38 47 47 36 35 43 35 0 0 44 0 36 0 0 44 41 45 47 36 0 37 0 40 40 40 0 0 38 0 39 0 40 33 49 0 33 35 37 40 34 0 45 50 0 37 38 35 0 0 35 42 0 42 46 0 42 47 45 0 0 0 33 37 35 37 38 35 49 39 45 45 39 35 50 37 50 47 0 0 0 0 0 37 48 33 0 48 35 47 43 43 0 47 46 33 38
0 0 0 39 43 55 44 56 40 41 42 0 47 44 49 40 44 0 52 0 45 47 43 51 43 42 49 0 40 49 47 0 45 55 38 0 38 47 48 55 54 55 55 43 51 47 51 53 0 0 54 50 47 44 40 48 0 44 0 47 43 56 54 56 41 0 43 0 0 37 44 51 55 40 0 0 51 55 38 54 54 40 55 53 38 38 0 38 55 44 51 56 41 0 49 46 0 39 55 47
52 53 42 41 49 45 44 38 0 43 57 45 39 44 43 55 50 51 0 50 49 0 38 39 45 49 51 53 54 0 0 49 0 49 49 51 55 42 0 42 45 53 0 0 52 41 51 42 0 0 57 39 53 57 0 45 54 48 46 53 53 53 54 41 40 53 0 41 0 46 56 46 39 0 53 0 43 47 39 38 0 55 50 48 53 41 56 39 53 0 0 40 46 42 51 51 44 41 45 45
0 47 0 52 42 47 53 40 44 49 36 50 36 53 50 0 50 38 46 0 0 50 47 50 42 0 54 36 0 36 36 40 0 51 44 40 40 37 49 44 43 44 37 38 44 52 53 0 40 52 39 0 42 47 0 0 54 49 42 0 0 44 48 54 0 49 47 0 45 37 45 37 48 39 38 0 45 47 54 52 0 37 53 46 45 47 0 0 47 0 49 47 0 44 51 46 53 0 50 0
34 38 50 0 0 34 41 35 50 44 52 41 43 50 0 50 44 46 0 0 43 43 40 34 40 38 41 34 0 34 39 38 42 0 48 39 52 50 0 42 0 48 37 0 35 37 0 44 50 0 43 0 37 0 39 43 35 0 44 44 42 0 0 0 37 50 0 0 45 43 45 0 40 48 0 44 45 0 49 45 49 40 39 50 45 0 34 40 0 40 41 42 39 0 49 44 35 36 37 0
0 42 42 48 40 50 0 53 50 37 37 47 41 47 45 42 47 0 38 39 40 37 42 0 46 53 0 45 50 51 53 0 0 42 38 0 45 35 0 47 44 0 40 0 0 0 45 42 45 0 41 43 50 0 51 51 0 36 39 53 43 0 51 0 48 0 48 48 45 0 48 39 0 51 38 53 0 0 48 49 40 50 48 37 35 51 0 51 52 53 46 35 48 39 35 0 48 0 42 39
43 38 48 47 51 40 43 41 37 47 48 0 0 45 47 51 44 34 43 51 0 38 39 49 0 44 38 41 39 35 40 35 36 0 43 36 50 0 38 50 43 38 0 47 0 39 45 0 0 38 0 0 46 0 0 51 0 38 42 50 45 42 40 38 0 0 0 45 40 0 47 35 34 0 46 37 41 0 39 39 39 39 51 0 0 43 0 37 49 0 0 0 43 45 0 48 44 37 40 41
46 47 0 0 46 50 49 43 48 0 0 50 0 0 0 51 51 36 36 0 44 0 50 35 50 0 0 0 0 42 0 0 49 48 41 48 0 47 49 51 51 0 46 44 47 43 43 50 0 37 46 0 37 0 51 38 49 38 36 35 35 43 36 43 46 44 38 41 43 37 51 34 34 0 43 48 37 38 51 46 41 0 37 36 0 38 0 38 50 38 36 41 35 0 0 35 0 0 51 49
50 40 45 38 50 54 44 0 40 50 0 55 43 54 48 38 50 50 0 44 54 49 0 38 41 51 43 0 46 37 49 52 0 56 47 39 0 46 0 52 0 49 39 43 0 39 52 53 50 50 43 40 0 0 0 45 0 48 49 48 56 44 40 0 52 44 51 49 0 39 39 37 47 55 39 0 38 0 56 37 42 51 40 46 53 53 46 53 40 39 0 52 0 39 40 51 0 37 44 0
41 55 38 47 46 39 45 49 53 0 41 56 52 38 56 0 0 56 0 55 56 0 45 41 52 52 48 45 0 0 45 42 0 39 45 0 49 51 0 0 0 53 0 46 45 56 49 50 37 0 54 0 0 55 51 52 0 0 44 44 41 54 56 37 48 0 0 47 56 40 50 53 46 48 45 44 45 49 0 45 47 45 39 39 56 53 56 49 41 41 54 40 48 51 44 50 0 37 53 48
55 38 40 0 37 40 48 55 0 37 43 0 50 55 0 55 56 53 55 43 53 50 0 0 39 54 44 51 40 42 50 0 42 0 49 55 39 40 49 38 43 43 43 52 37 38 51 45 50 0 0 48 0 0 54 53 37 46 52 53 46 43 43 37 38 46 0 37 52 50 43 48 39 56 53 48 0 54 50 48 0 41 48 45 56 52 44 54 0 45 0 40 0 0 0 0 44 38 43 53
40 0 48 45 42 0 39 0 36 34 47 36 39 45 41 40 45 43 0 49 46 0 47 43 0 0 47 0 0 49 48 38 0 0 46 45 0 46 0 49 46 0 49 47 47 34 0 0 0 42 0 37 40 37 43 45 0 0 43 40 40 41 40 33 0 44 47 47 43 38 43 49 37 47 45 43 0 46 0 0 46 37 0 41 0 0 41 45 41 0 0 47 0 40 49 33 41 0 47 39
35 40 0 39 0 0 0 40 0 50 35 0 34 42 0 50 0 51 42 50 0 43 0 37 51 47 35 48 45 45 47 44 0 0 0 0 45 46 46 35 36 35 43 40 43 41 40 46 38 48 46 50 0 35 48 36 49 38 34 51 50 44 35 43 47 37 49 0 47 0 35 50 0 43 46 0 47 47 42 40 0 0 38 34 45 46 0 0 47 45 0 0 48 43 42 0 50 0 0 0
46 37 46 0 41 45 48 44 49 39 0 0 0 0 41 0 44 51 38 0 50 37 0 39 52 0 0 47 42 47 54 38 38 50 44 36 48 50 43 54 42 48 41 41 43 47 40 41 54 45 54 42 49 0 50 53 0 37 44 36 0 0 0 43 51 47 0 0 54 53 0 41 51 50 45 40 43 47 51 44 38 47 45 0 0 44 0 51 49 48 36 41 54 43 50 37 51 36 0 0
52 40 39 0 37 0 55 41 49 37 0 0 46 39 0 49 53 54 53 42 0 55 43 0 52 47 38 41 54 0 42 44 47 46 47 56 42 0 0 56 49 43 41 0 55 46 42 42 39 50 47 49 39 38 39 42 49 41 53 42 40 46 53 38 0 37 50 44 42 42 44 0 0 43 49 0 49 51 49 53 0 53 0 55 41 39 38 42 46 0 39 0 40 39 0 0 44 46 0 43
38 48 47 37 0 44 53 0 43 0 47 43 0 48 0 0 37 0 41 0 53 48 40 0 44 0 39 40 53 44 0 0 50 43 37 42 0 46 0 53 41 53 0 0 42 42 41 51 35 51 0 41 41 53 48 46 0 49 51 51 44 40 51 37 0 45 43 37 41 47 0 47 0 43 42 40 38 37 48 0 48 37 45 38 0 53 38 45 46 48 43 0 0 51 45 43 37 49 37 0
0 46 41 52 49 43 46 51 0 47 51 54 0 41 44 52 47 54 50 36 0 48 40 37 43 0 49 43 0 41 44 37 0 43 37 44 46 51 52 50 0 39 38 0 0 0 41 0 52 0 41 46 43 52 49 0 0 44 40 49 37 40 53 43 49 44 43 51 0 0 50 47 40 49 0 54 40 43 0 44 40 53 49 42 0 40 54 48 46 49 46 52 0 54 0 51 0 0 50 54
40 41 46 47 0 34 44 49 43 41 0 34 39 38 0 34 45 0 34 44 49 37 42 44 42 47 51 44 0 46 34 38 0 41 36 38 37 0 49 0 51 0 49 36 0 37 0 47 34 37 0 0 0 44 0 34 48 47 0 42 42 47 0 0 49 0 0 38 0 47 46 44 0 0 41 42 0 39 0 49 50 37 0 37 48 40 39 44 0 39 39 39 43 42 38 43 50 35 35 0
39 44 54 45 45 46 39 36 0 39 47 0 37 0 48 0 0 41 52 52 0 54 0 48 41 49 47 42 41 46 49 44 43 45 45 40 0 54 38 46 36 43 42 0 0 47 46 0 39 42 40 0 40 45 43 40 41 52 40 48 42 49 0 47 48 0 0 51 41 39 36 41 0 0 0 0 45 47 0 53 43 0 43 0 0 50 0 51 48 48 43 43 39 46 53 51 0 40 37 46
42 42 39 46 37 47 0 0 37 43 42 45 0 41 39 48 37 39 42 49 53 0 42 0 42 48 53 44 52 49 48 42 0 40 50 37 47 0 43 0 48 37 52 0 39 42 48 41 52 36 50 45 41 42 36 0 0 50 0 0 35 49 37 50 0 40 45 52 50 0 37 43 46 0 0 0 41 36 0 0 51 42 0 44 39 46 42 48 45 37 45 0 0 0 51 46 0 39 36 0
33 40 37 45 0 40 0 44 0 37 45 39 33 0 46 48 0 0 0 40 0 0 42 0 40 0 33 38 0 40 48 47 33 0 47 0 42 44 0 44 35 41 41 0 49 0 38 0 41 35 0 47 0 0 0 47 44 34 0 0 35 37 40 44 49 37 47 36 34 37 0 48 35 37 33 39 45 47 41 0 40 35 35 39 42 40 37 42 0 50 0 35 34 44 36 44 46 40 0 44
0 40 43 47 46 0 56 55 46 0 0 49 55 38 38 49 40 0 0 49 49 51 0 38 43 56 38 39 53 55 49 57 53 0 38 44 53 49 0 43 48 40 43 0 0 43 56 51 53 53 57 57 40 42 0 38 50 0 53 0 45 40 51 44 56 0 51 0 38 38 57 44 53 39 50 43 53 47 53 44 42 41 49 48 57 0 54 0 0 53 39 43 0 40 45 55 45 41 42 42
0 37 37 0 48 0 45 37 0 0 0 34 39 47 48 47 0 50 44 47 39 37 39 0 0 42 42 41 36 43 51 37 50 37 40 37 42 43 45 45 41 36 42 42 36 45 0 37 0 0 0 45 49 43 48 49 0 36 47 48 0 0 0 36 40 34 39 0 0 46 47 39 37 0 42 0 0 42 47 34 42 38 37 0 0 51 39 0 0 34 51 51 44 48 50 36 46 40 47 44
45 42 52 50 44 48 43 42 47 45 45 46 37 0 43 37 50 0 0 48 0 36 46 39 0 44 40 37 53 37 35 38 0 38 0 36 47 38 47 47 48 48 45 0 0 0 44 48 0 0 49 0 51 47 37 0 48 36 0 46 45 37 35 48 41 46 0 37 44 48 46 51 41 53 42 42 0 37 38 36 39 0 45 0 35 41 46 0 41 35 52 0 0 39 39 0 45 38 0 0
45 41 0 0 0 41 45 43 0 0 41 0 50 41 35 40 51 41 44 0 51 46 37 0 0 35 44 44 0 0 40 0 0 41 50 47 46 41 52 43 52 45 46 39 36 52 36 52 38 43 43 0 35 39 0 44 52 48 49 0 46 35 39 36 0 0 49 38 0 0 43 45 38 0 46 46 43 52 43 48 49 0 38 46 35 51 41 0 46 35 0 0 52 0 41 39 35 49 0 49
0 45 53 38 49 0 41 41 43 0 37 0 39 39 54 49 38 43 54 49 42 52 53 37 49 52 41 0 36 53 47 0 48 46 0 52 49 39 36 45 40 0 43 39 47 44 0 42 49 42 38 0 40 52 0 43 48 0 51 51 0 37 0 51 44 0 36 41 54 37 41 36 0 0 0 42 45 42 37 40 38 0 0 41 41 0 36 50 49 0 0 52 52 50 46 43 49 48 39 0
41 46 44 44 45 48 44 37 0 43 44 0 0 46 47 0 38 48 0 49 0 49 46 0 0 0 38 0 41 35 50 36 52 45 0 44 45 41 47 36 41 0 44 44 46 52 50 0 47 38 51 49 48 0 35 40 44 44 51 41 41 35 0 0 0 49 46 0 0 38 52 52 0 48 41 51 50 41 49 47 0 0 0 42 0 36 45 42 44 0 0 0 36 36 49 38 40 50 36 46
36 36 40 37 40 0 0 34 0 0 37 36 0 46 44 41 0 0 41 0 0 0 48 40 38 48 0 42 33 0 34 0 35 49 48 49 0 0 0 0 47 47 48 33 0 49 0 47 40 0 0 36 46 37 0 0 0 44 44 40 43 44 40 36 45 0 0 40 0 36 0 48 33 45 48 35 36 34 48 38 45 38 46 40 41 43 0 0 46 43 40 43 34 45 43 43 38 0 42 45
49 0 0 36 48 50 48 37 0 39 49 35 48 0 41 0 38 44 39 0 44 0 0 50 42 39 50 34 46 37 36 44 46 0 50 51 0 42 41 0 44 35 47 0 0 46 44 45 50 0 34 39 38 0 46 36 34 34 51 34 49 0 42 48 0 46 0 40 0 41 34 42 48 39 44 49 0 0 36 0 0 34 50 0 0 49 39 0 0 0 39 42 47 0 44 50 40 39 42 47
41 51 50 45 56 51 60 54 56 49 0 0 45 59 54 0 41 0 55 60 49 40 0 58 45 42 40 56 57 54 52 40 52 0 50 58 42 46 55 46 54 58 0 51 46 55 49 0 60 58 50 48 0 57 58 0 55 45 0 40 52 0 59 45 46 50 40 50 51 40 50 45 55 52 56 48 0 0 54 57 53 45 0 40 0 52 45 42 48 56 60 49 44 0 47 45 0 45 51 40
