nb_clients 100
nb_jours 50
nb_camions 6
volume_max_camion 1000

demande_quotidienne
37 0 36 43 0 40 37 36 0 35 0 0 38 44 0 35 37 41 41 0 38 44 0 36 38 37 35 43 0 38 0 38 37 37 0 38 0 43 39 36 42 39 43 40 41 0 37 37 0 38 36 0 38 35 38 42 0 38 44 41 37 40 40 0 0 40 0 0 37 38 0 44 35 36 35 40 43 38 41 41 43 40 43 39 37 0 37 36 40 37 43 0 40 38 37 39 0 43 42 0
45 0 40 41 0 0 46 40 41 47 0 45 40 38 41 39 41 43 0 37 0 46 38 41 46 45 41 37 41 41 41 39 47 0 42 0 45 0 41 45 40 0 41 39 0 0 45 39 41 0 37 41 37 43 39 41 47 47 0 41 45 38 0 40 42 40 38 0 37 37 46 39 45 45 39 45 0 44 43 0 40 41 37 38 44 0 47 42 45 40 0 40 40 43 42 0 37 40 42 43
39 0 41 39 42 39 37 0 40 0 39 0 39 46 39 41 40 38 41 37 41 44 38 0 0 45 45 46 45 45 37 42 0 0 0 0 44 38 41 0 45 0 46 0 41 41 0 0 45 46 45 46 40 41 41 42 38 40 0 45 39 37 41 0 38 0 40 45 37 38 45 0 42 44 42 45 41 41 39 0 37 39 38 37 44 40 38 41 46 46 0 41 39 43 0 39 38 45 44 41
0 0 43 40 40 40 35 35 0 43 0 35 40 40 0 41 0 36 35 38 0 43 40 35 0 0 35 35 40 0 39 0 43 37 39 0 43 40 39 35 0 35 41 43 38 40 39 39 43 0 40 35 42 0 42 37 40 39 35 43 40 0 38 0 36 0 36 38 40 38 37 40 35 43 36 0 0 37 0 40 35 40 0 0 41 40 40 0 40 37 0 37 38 0 43 36 42 35 0 35
46 0 45 0 48 46 42 45 48 44 0 46 44 43 40 42 48 46 43 47 43 40 0 39 46 0 47 48 46 40 42 43 41 46 0 0 47 46 39 0 43 47 40 43 47 43 43 0 0 39 46 39 45 48 0 48 43 48 0 40 40 0 44 47 0 39 48 39 40 47 44 0 48 0 46 48 47 42 48 0 46 41 44 48 41 42 43 41 48 0 45 47 45 44 48 43 45 43 0 42
42 41 43 36 0 38 43 42 45 0 43 40 41 41 0 36 38 43 37 42 44 40 0 46 40 37 46 0 42 39 0 42 43 46 37 0 39 37 40 38 36 0 41 46 0 44 0 43 45 43 40 36 43 0 0 0 0 39 36 40 37 37 40 36 44 40 43 44 45 0 0 38 44 41 0 45 45 0 43 0 0 36 45 43 38 43 41 38 39 0 42 43 37 0 38 38 40 0 41 43
49 44 46 0 42 46 40 46 40 44 0 40 44 51 42 41 42 41 48 40 43 43 47 0 46 50 47 42 46 50 50 49 50 46 0 42 47 48 43 41 46 48 45 44 49 46 48 50 40 49 43 44 48 51 49 0 0 0 46 49 0 0 0 43 45 41 49 50 0 48 45 47 0 45 0 0 50 40 46 47 47 48 50 43 40 43 49 41 45 51 48 0 50 44 41 47 47 40 41 43
0 36 39 33 0 33 33 38 0 34 35 36 35 0 0 36 0 37 40 39 37 0 34 37 38 0 41 38 38 36 0 40 36 41 35 0 40 37 36 0 0 33 0 37 0 0 41 0 40 37 36 41 39 0 36 0 0 33 0 37 36 39 0 40 0 34 39 41 36 0 41 34 39 33 0 0 0 40 0 40 0 41 0 40 36 33 38 39 35 34 33 35 0 33 0 41 36 36 39 39
0 36 43 35 42 36 43 43 35 43 0 43 36 42 37 38 0 41 38 42 38 0 43 0 38 36 36 43 37 0 35 36 42 0 0 0 43 42 42 40 0 0 43 36 39 40 41 41 0 0 38 38 39 0 39 35 43 35 0 36 0 0 0 37 0 41 37 41 42 38 39 38 41 43 35 37 0 38 36 41 37 35 35 35 0 0 0 43 0 0 40 35 38 43 43 43 0 36 0 39
40 39 37 37 34 39 42 0 39 34 42 42 42 0 0 36 0 37 0 40 40 34 35 39 35 41 40 34 35 0 0 40 37 40 34 42 0 34 0 38 36 42 0 35 40 34 35 35 0 37 36 0 0 0 0 41 37 35 42 37 0 40 41 0 37 0 0 0 40 34 40 35 37 40 36 39 39 35 0 41 40 36 35 35 40 42 0 40 34 40 37 35 0 0 0 0 35 0 0 37
0 0 38 40 38 37 43 40 44 0 41 43 44 35 37 0 40 35 0 39 41 42 39 36 0 40 43 0 44 40 0 35 38 37 0 0 37 0 43 0 36 36 35 35 38 41 0 0 40 36 36 0 43 39 43 37 43 37 41 43 0 0 43 35 36 37 40 37 36 0 41 0 41 39 43 38 37 42 42 36 42 0 42 36 0 0 0 0 44 38 41 43 40 44 0 42 0 44 37 41
41 43 0 39 0 42 39 42 45 0 43 37 44 43 44 0 40 0 45 44 46 44 46 42 41 39 0 39 41 40 41 46 39 43 0 44 40 40 0 45 39 0 38 39 46 41 45 0 39 42 38 0 37 43 37 0 37 45 45 43 0 39 0 41 45 42 42 39 45 42 46 0 40 43 38 41 46 37 38 39 37 42 0 0 39 0 0 46 37 43 0 41 0 43 41 0 39 37 41 41
0 43 38 0 36 0 38 41 38 40 42 35 38 36 35 39 38 40 36 43 34 35 37 35 0 0 39 39 42 0 43 38 38 38 41 37 43 38 42 35 0 0 0 40 0 42 0 38 0 38 36 41 41 0 0 37 0 38 40 0 40 43 41 0 0 36 41 36 43 39 0 40 38 38 0 38 0 0 35 39 0 42 38 0 38 39 42 42 37 36 0 38 38 36 37 0 0 0 41 39
43 41 0 0 39 38 0 39 38 0 40 43 43 34 42 43 0 38 37 41 0 42 36 0 40 36 0 0 41 41 37 36 34 34 36 43 38 0 38 0 39 41 36 37 43 0 0 35 34 39 35 42 42 41 36 36 0 0 40 0 40 41 36 36 36 34 0 0 43 36 0 0 40 39 38 0 37 41 38 41 36 0 0 0 41 41 42 35 41 37 37 35 0 0 42 34 43 0 35 0
44 38 36 41 0 40 0 37 45 43 44 0 37 44 41 0 0 0 42 40 44 0 37 37 0 37 0 41 0 0 0 41 40 43 0 38 43 39 39 43 36 39 40 44 43 40 44 39 45 44 0 0 37 42 0 0 37 44 45 40 43 0 37 43 37 0 45 38 42 37 42 44 37 45 39 36 0 0 41 43 37 43 42 36 0 39 38 45 45 38 37 0 39 43 40 39 0 39 36 37
41 40 0 46 38 0 42 43 45 0 45 45 39 42 39 38 46 0 0 45 0 39 0 45 43 0 43 40 38 43 38 40 43 43 0 45 42 40 40 45 46 46 37 0 42 42 0 40 0 37 0 44 40 45 42 43 43 44 42 0 42 37 40 40 45 43 37 0 40 0 37 38 41 43 0 44 41 0 38 37 0 39 44 39 41 43 38 0 42 45 44 0 0 41 40 40 0 39 45 44
38 0 46 45 38 47 44 40 46 0 44 43 0 41 47 47 47 0 39 42 38 46 0 42 42 47 42 40 0 0 42 42 45 38 42 46 39 39 43 42 41 47 0 46 46 0 44 42 42 47 45 38 0 47 39 39 41 45 44 46 47 0 0 43 0 46 44 0 46 0 41 0 46 40 47 38 42 42 41 43 39 38 38 0 0 47 47 41 44 0 0 0 46 42 41 44 46 46 43 39
0 40 0 39 39 0 40 36 43 43 38 0 39 43 0 0 43 37 37 42 43 39 41 45 37 41 41 45 42 42 44 42 43 38 0 42 0 0 39 40 39 44 0 37 42 0 42 43 0 45 42 45 39 39 44 45 45 42 45 0 0 42 42 45 42 40 0 40 45 43 42 0 42 40 38 0 0 0 0 43 0 39 41 42 0 44 41 0 38 43 45 41 39 41 0 45 40 45 38 39
0 40 40 43 0 46 0 45 39 39 41 0 0 39 42 43 42 42 47 39 39 45 44 0 0 0 39 47 42 47 42 39 42 44 44 39 44 43 0 43 44 45 47 0 39 39 47 46 42 43 0 39 44 41 43 46 47 47 0 0 39 39 40 47 43 40 46 43 39 44 38 0 39 44 0 40 45 0 42 39 0 46 40 42 0 43 47 0 38 42 44 41 0 43 39 47 41 47 40 46
34 38 33 38 40 0 0 0 32 34 0 38 0 34 38 35 34 0 39 36 36 39 35 0 0 34 40 0 0 36 35 0 35 0 39 35 32 0 0 0 37 0 0 0 0 38 36 33 0 0 39 0 32 40 38 0 0 38 37 40 0 33 37 0 37 38 37 38 40 0 36 38 32 0 34 39 39 38 34 36 38 0 38 36 0 40 32 35 0 36 34 38 36 36 0 34 40 36 35 40
38 0 44 0 0 36 37 36 43 44 44 0 43 45 44 36 44 41 37 0 42 0 38 38 42 42 37 0 45 37 37 0 39 0 45 44 39 38 39 0 0 0 0 45 45 36 40 40 41 39 42 40 38 0 40 41 41 0 0 0 42 41 44 39 39 44 39 38 39 38 41 0 44 42 38 41 0 40 0 39 41 38 45 39 0 0 36 42 37 42 43 38 42 42 0 42 43 39 0 0
44 39 0 41 35 0 0 38 37 44 36 36 37 0 37 0 36 36 40 44 0 0 36 35 0 36 44 0 37 38 0 0 41 39 38 0 35 38 39 37 39 38 36 39 36 0 36 0 37 36 38 0 39 44 43 0 0 36 38 43 0 38 41 43 0 41 41 43 35 38 0 42 0 38 41 44 37 43 39 43 0 38 42 39 40 38 36 39 39 43 0 42 42 44 42 35 0 36 0 0
41 39 39 37 0 42 40 0 38 39 0 41 37 44 0 40 36 37 39 37 41 37 43 0 0 37 0 42 40 43 0 37 36 0 35 36 36 41 0 44 40 36 42 43 37 37 38 40 36 43 44 37 39 42 37 0 0 42 40 0 0 0 0 38 0 0 40 0 42 0 40 42 0 41 0 43 0 44 38 38 44 0 40 42 37 36 35 44 36 43 39 37 44 41 42 44 44 0 37 0
46 42 44 38 42 42 0 44 46 41 42 0 0 0 38 42 44 46 44 0 0 45 0 0 37 41 0 41 46 45 39 39 46 37 36 0 0 44 36 0 46 0 46 42 42 0 0 46 41 38 43 0 38 46 46 0 38 44 40 46 42 42 44 39 0 46 43 44 43 42 42 41 46 41 44 45 0 0 46 38 0 0 37 39 42 0 40 43 44 45 0 36 42 42 36 42 45 40 42 41
42 43 36 43 41 40 38 0 0 40 35 43 34 0 40 35 35 35 40 42 0 0 34 0 0 41 34 40 37 39 40 0 0 40 0 36 0 0 34 0 36 38 0 0 35 39 0 43 35 0 37 37 0 40 34 41 40 40 36 40 0 36 40 34 42 34 36 38 36 40 34 0 35 43 0 38 35 40 35 38 38 41 37 34 39 39 37 42 0 0 37 38 0 0 0 36 0 35 0 35
40 43 36 34 43 35 34 43 41 42 0 0 42 0 37 0 42 35 41 0 40 43 35 0 34 38 0 36 0 41 0 0 38 0 38 43 34 41 0 43 42 38 35 0 0 34 40 0 38 36 0 35 0 40 34 39 43 40 0 38 38 0 0 0 41 34 0 38 42 40 0 0 36 43 35 35 41 38 39 35 0 38 40 39 42 39 35 38 40 36 36 37 35 38 0 35 0 35 43 0
37 0 33 35 35 35 37 33 39 0 35 39 0 35 0 0 38 35 32 0 39 33 39 37 34 38 34 0 34 39 0 0 38 35 0 0 36 0 0 35 33 33 38 33 33 40 36 0 0 34 40 0 39 34 0 0 0 33 35 37 0 0 0 0 0 33 40 39 35 0 38 38 37 32 0 0 39 0 35 0 33 39 38 37 35 0 0 0 34 38 35 37 40 0 37 33 38 34 36 38
0 46 0 42 0 46 47 46 45 0 47 42 42 46 0 44 51 40 51 41 42 50 0 42 47 50 44 51 46 44 42 47 46 0 48 42 0 0 48 51 40 46 47 42 48 43 49 45 45 42 50 50 50 42 48 47 43 48 45 0 48 41 48 51 50 0 50 49 45 47 48 0 40 47 43 51 0 45 48 46 47 46 41 47 42 50 42 40 50 42 49 48 0 46 40 0 44 45 47 42
36 35 0 0 34 42 35 40 42 35 42 34 40 34 33 37 42 0 33 0 34 0 0 0 35 36 33 0 0 0 34 33 41 0 35 38 42 37 40 35 39 38 38 0 39 39 37 0 35 39 0 36 0 41 33 42 42 39 36 36 0 34 0 0 37 0 35 33 42 0 38 33 35 36 38 35 0 0 0 37 35 0 37 0 0 35 34 40 0 35 38 40 38 0 0 36 40 37 38 38
43 40 0 0 42 42 44 0 0 42 38 0 44 0 40 36 39 0 36 39 39 37 44 42 0 43 39 40 0 43 44 38 41 0 35 44 0 0 0 39 42 38 35 36 36 0 35 39 41 0 36 37 38 0 42 0 44 0 37 37 43 0 0 37 38 44 43 37 0 42 35 0 37 41 43 37 39 38 42 38 0 36 37 37 42 39 40 42 38 44 39 0 39 0 43 40 37 44 0 38
33 0 37 36 0 0 40 0 32 34 37 39 37 37 0 37 37 37 0 0 0 38 37 0 35 35 39 0 36 40 34 38 39 41 32 40 39 35 0 36 0 32 0 34 0 39 32 0 0 39 0 34 33 36 34 38 32 33 32 40 39 0 0 0 39 33 39 0 37 37 0 32 0 0 41 0 40 33 33 39 35 0 39 0 36 41 0 37 39 33 0 39 39 37 36 0 39 0 40 33
42 34 40 0 0 40 0 35 40 42 0 40 37 37 0 35 0 39 38 39 34 0 37 41 34 38 34 42 35 0 0 0 36 41 40 34 42 0 0 34 36 0 35 37 35 42 42 35 42 38 34 40 37 0 40 37 35 0 0 0 35 0 42 42 0 0 0 37 37 0 35 0 0 37 42 42 35 35 41 40 42 35 37 0 35 0 41 35 0 41 38 41 42 35 40 0 42 42 38 42
0 35 0 38 37 43 43 39 41 0 38 39 40 38 0 40 38 39 41 0 37 43 36 39 40 37 40 0 0 36 0 37 43 0 41 35 35 43 35 35 0 0 0 37 40 0 0 37 0 38 0 39 0 43 0 38 0 40 0 43 43 0 35 35 38 43 0 0 35 40 35 40 41 40 42 42 40 38 38 41 0 38 43 38 0 35 38 43 40 37 39 35 0 0 42 43 35 42 42 35
32 40 0 38 37 38 39 39 36 36 38 39 34 40 32 40 40 0 0 36 33 39 34 0 0 39 0 38 0 0 0 34 33 36 32 36 40 33 0 36 40 35 0 32 0 35 0 34 40 0 34 33 37 33 34 39 0 0 33 0 36 34 34 39 36 39 34 40 34 40 0 0 0 0 0 0 0 0 36 40 38 40 32 0 35 40 0 40 36 32 37 34 0 35 0 40 0 0 38 0
0 36 38 34 34 42 0 0 0 0 42 37 41 41 38 39 38 38 39 42 38 42 36 0 43 39 39 42 36 39 37 38 39 0 42 37 40 38 35 0 0 36 0 41 40 38 0 34 43 37 37 39 34 34 35 36 40 0 0 0 34 0 38 37 0 0 35 0 0 37 42 0 37 0 0 0 38 41 37 41 37 0 42 0 39 43 0 37 40 43 43 35 37 42 37 35 37 39 42 0
0 47 44 44 48 47 0 45 42 46 44 46 39 43 45 40 0 45 44 0 41 46 46 43 0 46 39 48 42 41 41 0 0 49 43 42 0 45 42 39 39 0 44 39 0 43 46 41 43 41 41 44 0 44 46 46 41 47 44 39 46 40 46 0 46 0 46 39 40 0 41 46 49 39 44 41 0 49 45 44 45 42 0 42 0 46 45 0 44 40 48 45 46 47 45 48 44 40 45 48
46 40 42 42 44 40 0 38 37 44 38 38 38 46 40 0 45 40 43 43 46 39 0 0 37 40 37 41 41 37 0 37 40 43 0 43 42 44 45 45 37 0 0 40 0 0 40 43 46 40 43 0 0 0 42 0 44 39 40 39 37 39 41 38 46 0 40 41 0 44 40 43 0 41 41 45 40 43 39 0 44 41 46 42 0 0 45 40 37 43 40 44 44 39 37 0 46 40 0 0
42 42 0 44 0 46 46 47 44 0 0 47 48 43 45 40 43 44 0 41 0 44 40 45 40 38 0 42 39 45 44 41 48 44 40 0 38 44 40 47 40 47 39 48 45 44 44 0 47 0 47 46 0 39 40 43 0 48 43 38 48 38 0 47 0 47 42 41 41 45 41 40 44 43 45 39 0 0 44 42 46 46 42 44 43 38 44 40 45 0 41 0 40 0 40 0 41 47 44 40
35 37 36 0 40 40 34 40 0 0 41 37 0 0 40 0 42 0 0 37 0 40 0 36 42 42 36 36 39 34 0 37 42 37 40 41 0 0 35 0 0 40 37 39 34 39 37 35 34 37 38 40 42 0 0 39 37 41 34 41 40 37 0 39 0 0 37 0 42 42 37 42 42 39 40 40 42 38 0 35 0 41 42 41 42 39 39 40 37 35 37 0 40 0 41 37 40 0 0 42
39 34 35 35 38 38 0 42 0 0 0 35 0 42 0 0 38 0 40 42 40 0 35 0 41 35 37 40 0 35 39 0 0 41 35 42 0 41 42 0 34 0 35 35 38 0 38 0 39 41 0 38 0 37 0 37 35 38 41 40 39 36 38 43 39 42 36 38 41 40 0 43 34 40 41 34 39 0 37 39 0 0 0 41 43 40 0 39 41 38 36 35 43 43 34 37 0 40 36 34
0 41 41 46 40 41 0 41 47 0 45 43 48 45 47 39 45 0 40 41 38 46 44 41 41 0 45 45 39 45 46 41 44 45 42 46 0 45 38 0 38 0 41 43 45 47 41 43 0 41 42 47 47 39 45 45 39 0 0 39 0 45 41 45 45 41 43 0 47 39 39 40 44 0 38 48 41 42 0 46 47 40 38 47 0 0 40 39 42 40 42 0 38 39 0 45 45 44 41 47
40 41 41 43 35 38 35 0 0 44 37 42 40 0 37 41 0 0 0 36 0 0 0 0 41 41 41 43 39 0 38 36 0 0 41 42 41 38 38 0 38 44 38 0 39 36 37 43 38 40 37 0 41 39 44 41 35 41 43 0 0 44 0 35 37 35 41 44 44 0 37 38 38 38 44 0 0 38 36 0 44 44 38 39 41 0 37 38 44 38 42 44 0 37 41 44 35 40 37 42
37 0 41 39 37 0 43 39 0 40 45 37 39 43 41 36 45 37 38 0 38 38 40 0 43 39 41 39 40 37 0 43 38 40 37 0 37 39 42 0 0 41 44 43 0 40 40 0 0 45 42 43 37 40 42 36 38 0 38 43 39 40 0 0 0 0 42 42 43 45 0 37 37 0 44 36 37 40 41 36 39 0 39 44 42 40 40 36 39 39 0 37 40 37 0 0 0 41 42 42
37 37 38 39 0 0 0 43 36 44 42 40 39 45 44 37 43 44 36 0 39 45 44 44 36 41 0 0 44 40 42 43 45 37 44 0 0 0 43 0 41 0 38 44 37 43 39 41 37 36 0 37 45 42 41 37 38 0 36 38 40 0 38 38 40 37 44 37 37 37 41 37 41 43 43 0 0 44 45 42 40 45 36 0 37 0 37 44 0 45 0 42 37 0 0 45 0 45 41 0
41 0 45 44 38 43 45 0 43 41 0 37 42 44 43 0 0 45 38 0 38 37 39 0 43 41 0 41 40 45 42 0 36 44 42 0 38 36 42 37 0 42 0 40 0 45 38 44 37 44 0 45 0 36 37 44 40 44 0 43 40 37 38 44 0 41 38 40 40 44 42 41 39 0 36 0 44 42 39 44 0 40 0 43 0 41 36 38 38 39 0 42 43 44 44 39 0 39 37 37
38 38 41 36 39 40 34 0 38 0 0 41 40 0 38 0 35 36 39 42 0 0 42 40 41 33 38 40 0 35 33 36 0 34 0 38 0 33 34 33 41 38 33 0 35 42 38 0 33 0 38 39 39 34 38 36 34 35 0 0 0 36 33 39 37 42 0 37 36 35 38 0 40 36 0 36 34 41 0 0 0 38 0 34 39 0 42 37 37 38 0 35 0 40 40 0 39 36 36 0
40 41 42 38 44 43 38 39 47 46 39 46 0 45 39 43 38 0 0 0 0 39 38 46 45 47 42 0 46 44 0 45 0 44 0 46 46 38 41 42 39 46 42 38 38 44 38 41 38 42 0 0 46 42 44 43 40 42 46 47 39 46 40 43 41 0 46 0 44 39 47 46 0 41 47 44 41 46 43 46 41 43 44 0 42 46 0 0 40 45 42 0 45 0 38 0 0 40 39 38
35 41 0 34 0 42 0 40 38 40 36 0 0 41 0 42 35 42 0 0 36 41 43 0 40 38 0 43 0 0 0 34 43 39 40 34 34 43 36 0 36 0 39 41 38 36 0 39 36 43 40 0 35 41 39 35 40 0 43 35 43 35 0 39 42 0 0 36 0 39 37 36 0 36 0 0 34 39 39 35 36 39 40 0 38 0 34 36 36 39 35 41 0 35 39 34 39 38 39 40
43 46 42 0 0 46 0 43 0 43 0 43 45 43 38 42 0 40 40 0 46 40 43 43 43 37 37 45 0 45 0 0 43 39 46 43 45 45 42 46 41 39 38 39 0 0 42 41 39 40 46 41 37 46 42 46 0 41 39 0 37 0 45 46 41 44 46 43 44 43 43 41 43 0 44 38 43 0 46 46 44 39 40 37 44 40 0 45 40 42 46 0 0 44 40 0 0 46 41 40
36 43 45 42 0 0 39 0 0 38 40 39 41 37 0 36 36 45 0 45 36 44 39 37 37 41 41 0 43 41 38 0 42 42 39 43 43 39 37 0 36 41 0 43 38 0 0 0 0 44 39 37 39 0 42 40 36 43 45 37 0 42 36 41 37 39 44 38 0 36 42 45 45 42 39 41 0 41 39 45 0 36 36 43 40 42 36 0 0 42 39 0 42 0 36 39 36 44 0 0
