nb_clients 100
nb_jours 50
nb_camions 6
volume_max_camion 1000

demande_quotidienne
47 56 47 38 0 50 0 47 0 49 46 51 0 50 40 44 40 56 40 52 43 51 54 52 40 44 40 55 39 54 0 49 51 40 46 47 45 52 53 42 51 49 0 50 43 38 51 0 39 55 47 54 0 0 0 0 0 45 43 55 45 54 0 0 51 43 43 40 51 48 39 39 0 50 49 0 44 51 44 54 40 51 45 51 42 0 0 51 0 0 39 52 47 45 51 43 0 41 0 41
38 52 53 43 0 38 38 53 0 40 40 0 38 54 50 53 0 54 49 43 49 0 42 0 51 0 51 43 48 49 53 52 54 0 38 45 52 0 49 51 52 0 42 42 37 55 43 39 54 42 0 0 45 0 38 39 40 0 42 38 51 52 50 52 0 38 37 39 52 42 0 51 39 46 38 45 39 38 52 37 0 41 54 39 49 42 55 38 0 0 50 47 52 0 0 38 0 38 52 44
0 43 37 0 45 44 34 0 36 0 0 0 39 41 50 44 46 0 49 49 0 51 34 49 37 0 41 45 0 36 47 44 0 37 34 44 0 0 46 0 40 48 41 42 49 0 36 46 0 0 0 0 35 41 50 34 46 0 0 0 51 44 41 47 40 0 41 46 48 47 36 0 40 42 0 43 48 35 34 47 38 0 41 0 39 39 48 44 42 49 49 46 0 34 0 49 46 43 51 49
55 38 41 48 0 44 55 41 48 50 0 0 52 56 37 0 49 0 44 48 38 48 0 51 53 0 55 40 37 47 0 48 45 37 42 0 55 56 37 54 0 52 0 42 40 52 53 42 44 44 55 41 0 49 47 53 39 0 0 48 0 44 40 53 0 0 53 46 40 40 0 37 38 38 42 54 44 51 0 46 52 38 55 55 52 0 49 55 53 48 0 48 46 51 41 42 47 52 44 0
38 0 41 42 0 0 51 36 42 0 49 36 0 0 38 38 48 41 43 44 0 0 41 37 46 52 40 36 41 38 47 52 0 41 44 0 41 44 0 0 47 46 46 42 0 37 0 37 51 46 44 36 41 0 52 50 0 0 50 48 44 50 36 0 36 39 52 40 36 44 35 37 0 47 47 41 0 0 48 0 50 39 0 36 0 40 41 48 52 0 44 39 43 37 0 0 35 47 45 52
50 39 0 45 0 40 0 0 35 0 48 37 37 39 45 43 43 47 0 37 48 45 37 0 43 0 0 0 46 45 50 42 0 45 49 50 39 47 48 0 34 42 51 51 42 0 35 46 37 40 48 0 43 48 0 51 51 0 0 36 0 35 0 0 0 35 41 0 0 45 42 38 37 49 45 43 46 43 46 46 0 48 0 50 0 52 48 36 51 44 52 39 41 47 48 44 45 0 0 48
0 34 49 34 51 0 41 46 47 40 41 0 45 40 41 51 0 43 0 35 38 49 37 39 41 0 41 35 35 45 44 0 0 48 50 36 0 50 0 0 44 35 48 44 43 0 35 0 45 0 37 0 0 48 48 37 0 41 36 50 46 49 42 0 43 51 0 45 36 0 48 0 44 0 49 41 49 36 49 50 48 41 37 43 0 51 49 36 46 38 35 0 0 0 51 38 44 0 0 36
40 0 51 45 39 52 56 0 53 44 44 0 58 0 58 52 57 0 49 52 0 41 42 49 53 49 40 41 49 0 41 0 58 42 58 39 50 49 56 49 39 51 0 58 45 40 48 40 41 0 57 39 48 48 43 39 44 48 40 54 42 44 0 44 56 0 58 41 0 0 46 48 57 39 0 44 42 43 50 41 51 48 0 45 42 39 44 0 47 51 46 46 53 55 0 43 53 40 41 53
52 0 42 48 41 41 44 0 51 44 44 0 42 45 47 48 55 39 41 53 38 48 40 0 40 41 48 45 52 48 56 41 52 48 45 54 47 40 44 0 54 47 54 51 0 48 48 38 48 56 46 49 43 47 45 50 0 0 40 44 40 52 53 0 41 56 0 48 42 57 48 0 0 0 49 46 51 41 47 0 54 54 0 50 57 43 0 0 56 49 53 0 38 43 45 0 0 54 45 52
51 39 0 0 0 48 38 52 0 55 42 49 0 0 42 52 36 39 42 52 37 36 42 0 48 50 53 0 47 39 54 42 45 43 0 0 41 51 0 0 0 42 43 0 44 0 48 42 0 0 38 46 43 43 48 39 50 48 0 0 49 39 46 52 49 45 0 55 42 43 0 45 50 52 39 40 39 53 39 45 45 50 47 39 49 52 43 45 52 0 54 46 41 0 48 53 48 44 48 52
35 0 41 0 51 0 0 0 0 35 43 46 43 0 46 0 50 36 0 51 0 0 35 0 0 0 0 35 41 49 0 0 51 0 38 52 48 41 39 37 44 0 51 0 43 38 42 44 0 50 44 0 45 51 38 46 42 38 0 38 45 43 43 0 46 43 51 40 39 45 39 0 51 35 43 35 40 49 36 38 43 35 51 49 0 38 40 49 0 49 36 51 46 52 41 52 43 44 45 35
0 49 45 0 48 0 50 43 0 43 44 39 0 44 0 41 39 34 34 34 0 41 34 0 0 0 36 35 43 48 39 47 42 46 39 0 38 41 47 36 47 0 0 41 46 43 0 39 34 45 0 38 0 35 38 0 41 0 38 39 48 50 0 40 40 45 42 39 0 0 49 39 34 40 46 0 34 43 0 50 0 34 0 44 43 43 36 35 0 39 36 51 36 43 0 0 47 0 43 46
55 46 37 40 42 48 0 40 0 0 44 47 39 50 44 51 50 41 54 0 0 47 0 51 47 0 0 43 43 42 37 39 0 54 39 40 54 47 0 41 44 54 0 37 54 50 49 0 37 39 46 52 0 39 54 51 45 0 53 54 54 50 53 0 0 54 42 0 49 0 53 44 42 45 52 48 44 0 40 40 0 50 49 44 45 51 52 0 40 46 40 40 49 38 40 55 0 0 48 51
54 52 0 41 53 39 0 54 45 44 50 0 39 0 47 38 50 0 0 50 44 47 46 42 0 0 0 51 39 51 47 53 47 48 43 52 0 42 0 50 45 52 0 43 42 45 36 40 0 43 53 53 41 43 0 51 0 51 51 41 42 44 0 39 42 36 44 49 48 36 53 51 0 44 36 47 51 0 36 0 36 36 41 51 0 37 36 44 51 0 0 0 46 45 0 0 42 39 51 0
47 0 41 40 0 0 0 43 43 47 46 47 41 48 0 0 34 41 40 35 0 0 0 0 46 43 47 0 35 33 0 37 0 37 32 35 47 46 43 35 47 33 0 0 34 45 45 41 47 0 45 45 0 37 0 47 0 40 32 45 0 0 0 0 38 46 0 0 37 43 39 0 0 48 40 39 37 0 40 0 38 43 38 43 0 0 48 43 44 43 0 46 33 41 40 47 0 40 39 0
38 37 44 0 38 44 0 54 52 55 56 44 0 56 42 56 50 50 0 47 0 42 40 52 45 43 52 54 55 51 54 46 41 0 45 55 37 52 0 52 40 0 0 0 53 44 45 49 47 52 48 41 37 40 52 38 48 40 45 37 55 49 54 0 0 44 55 52 42 0 51 48 0 0 50 41 0 54 53 0 52 0 50 53 51 52 47 0 48 44 0 44 0 48 56 55 0 44 51 50
48 43 0 40 0 0 38 35 0 47 0 0 52 0 44 43 46 36 48 0 0 49 53 40 35 43 47 39 0 0 50 43 50 52 46 35 0 52 0 49 40 41 39 53 45 0 0 46 40 52 52 0 47 52 37 40 39 46 37 0 50 44 41 0 45 53 53 43 49 0 37 42 35 46 35 53 41 40 0 44 44 45 53 0 50 0 44 52 36 49 46 43 49 0 0 52 41 0 35 44
0 51 41 39 40 53 47 47 38 40 0 56 41 0 0 50 39 46 38 46 48 41 57 54 45 49 55 41 53 41 48 45 51 39 42 41 41 50 0 54 56 57 0 39 57 51 39 0 0 57 56 54 48 42 0 53 40 40 0 42 45 0 45 0 56 56 45 0 51 49 41 0 49 0 0 39 54 53 0 54 51 0 57 46 40 43 54 49 53 44 49 51 42 56 46 54 41 50 57 0
36 48 37 47 42 35 53 37 0 0 49 43 0 0 42 0 47 43 50 37 38 42 35 39 0 38 35 42 0 39 36 45 50 36 51 42 0 36 0 53 0 39 43 37 45 0 45 0 49 49 0 41 51 42 0 0 45 39 35 45 41 39 44 37 43 37 0 0 43 35 39 44 49 0 0 35 42 45 48 52 51 0 46 37 36 0 0 41 35 50 47 37 0 42 43 0 46 36 0 47
49 0 35 0 43 0 38 47 50 37 38 38 52 38 0 50 40 48 42 34 45 49 50 43 35 40 40 49 0 42 0 40 0 40 0 44 45 0 0 37 43 0 52 34 38 0 34 50 43 50 0 0 0 34 0 0 0 0 0 52 37 48 48 37 52 37 50 43 34 44 44 48 50 42 50 40 37 42 0 39 0 43 0 0 44 0 50 42 37 0 44 0 45 43 40 43 40 49 0 43
48 37 41 0 0 0 48 35 49 49 0 46 40 0 36 49 43 0 50 37 48 36 38 51 0 0 0 0 52 44 0 37 51 46 49 46 39 39 43 0 45 0 48 42 0 47 37 43 43 38 0 43 53 46 50 0 0 36 40 41 39 0 0 43 42 44 50 36 42 48 45 0 51 45 41 0 52 40 43 38 38 37 49 43 39 35 0 48 44 0 37 50 51 51 0 37 53 0 48 52
46 37 0 37 0 37 39 34 45 37 0 42 47 0 0 0 41 0 36 0 0 40 37 0 0 0 41 0 50 37 42 0 50 46 40 0 42 42 42 45 45 40 43 43 0 0 37 37 34 47 0 48 50 45 0 0 51 48 50 38 47 48 47 0 36 40 50 50 0 37 42 35 35 34 36 42 50 45 41 0 0 44 42 47 50 40 49 45 51 39 37 46 46 0 51 45 37 0 0 0
0 48 53 54 0 0 55 54 47 44 0 52 41 47 41 49 52 0 47 39 53 52 0 45 0 50 49 38 49 53 40 44 50 49 51 53 0 49 44 41 0 51 46 41 45 0 41 49 39 39 0 47 0 48 51 39 44 0 0 40 45 41 46 40 41 54 38 54 0 52 51 42 38 38 0 0 0 57 53 0 55 55 40 49 51 0 57 45 40 54 0 43 43 49 45 44 43 38 49 46
52 47 40 40 46 54 50 45 58 48 49 59 42 45 46 44 58 59 51 56 48 0 49 0 42 0 41 49 0 0 51 45 0 0 48 55 0 50 45 0 49 59 59 57 46 41 51 46 41 50 42 0 45 58 0 47 51 45 41 56 49 0 50 52 0 0 54 45 56 49 52 46 51 45 47 52 56 0 40 51 47 49 45 50 40 54 59 40 50 40 0 44 58 47 43 0 0 57 48 39
42 0 36 45 49 36 0 38 51 51 0 38 54 47 41 36 48 51 0 38 49 0 42 42 46 45 0 0 0 41 45 55 0 0 0 36 50 45 53 45 44 0 47 51 39 51 48 0 0 0 0 38 42 0 53 39 51 55 52 39 45 41 50 52 0 41 46 48 48 38 49 38 53 0 38 48 47 0 40 47 49 44 39 0 42 45 38 50 0 44 42 47 42 45 0 0 46 36 47 54
33 45 42 50 0 43 0 0 38 0 0 0 36 38 43 40 41 47 44 0 36 0 48 35 0 40 0 0 0 35 34 0 40 0 40 47 37 50 43 42 48 37 0 0 37 37 42 34 50 0 0 0 44 37 49 40 0 0 45 49 47 46 42 0 47 0 47 44 48 46 37 47 0 0 38 44 0 0 45 49 37 0 34 34 36 38 43 48 47 38 48 48 0 50 44 42 47 47 0 48
41 44 49 38 37 0 46 0 49 0 42 0 0 0 0 0 36 39 51 0 51 0 42 0 49 46 0 41 49 34 34 42 38 0 43 0 46 43 46 0 0 34 49 0 45 48 44 40 42 46 46 35 35 47 50 44 0 34 38 43 0 51 41 0 0 0 34 51 39 47 34 46 0 0 36 44 39 36 46 44 39 39 42 0 0 45 0 39 46 39 35 34 36 0 48 46 46 44 35 0
49 48 45 47 56 37 0 48 52 54 41 0 41 37 40 55 0 43 0 53 44 44 47 40 46 45 0 0 0 42 0 51 51 38 45 50 51 37 41 49 37 0 44 45 41 46 40 52 51 48 0 39 44 52 40 50 39 52 0 0 38 50 43 0 40 0 55 42 41 55 54 43 0 0 52 55 56 49 46 41 44 0 0 51 42 42 0 45 41 44 51 54 56 56 37 39 54 45 45 0
44 37 38 51 36 0 0 40 53 43 41 49 50 0 47 0 47 49 50 47 39 38 0 47 44 0 43 42 0 47 53 0 0 37 36 36 52 43 38 53 0 44 50 52 43 37 53 42 53 0 0 0 0 37 46 47 0 50 0 43 44 50 48 47 53 39 47 45 40 49 0 42 53 48 0 36 42 0 0 39 40 40 47 36 55 45 0 47 39 0 42 48 43 43 46 0 48 53 37 40
0 48 0 0 0 39 41 42 39 0 0 0 48 36 39 41 53 45 52 39 41 54 48 39 49 51 39 53 41 48 0 42 52 53 36 53 0 40 0 0 39 0 48 0 40 45 48 0 47 38 39 37 48 36 0 0 0 41 0 0 46 0 42 45 44 51 45 42 53 37 54 39 0 41 53 40 36 0 36 48 37 52 46 41 46 52 54 54 51 39 50 51 48 0 0 50 0 44 51 44
44 43 0 0 0 42 39 36 47 0 0 51 0 44 47 43 0 0 0 43 53 0 44 51 51 0 45 50 45 0 48 43 52 54 50 41 41 0 41 42 0 40 48 39 51 48 54 0 0 48 51 0 44 0 0 43 47 51 48 37 0 41 42 47 53 38 36 41 51 38 42 36 41 40 51 40 52 44 51 42 36 52 52 0 36 51 0 43 41 45 47 0 44 44 38 50 46 38 53 36
51 37 0 0 46 39 0 50 38 42 38 0 37 0 44 49 0 47 46 0 43 46 48 39 34 34 0 0 34 0 0 48 37 45 0 43 40 41 48 48 47 38 49 0 41 37 0 49 50 0 44 44 47 41 0 48 35 44 51 0 0 0 0 46 0 0 47 44 43 49 0 47 43 0 37 49 0 51 0 0 51 36 0 50 44 40 49 50 36 49 51 43 39 39 36 48 0 45 46 0
38 38 53 38 0 41 40 48 47 0 0 46 54 0 39 55 47 0 52 56 43 38 42 48 38 38 53 47 41 51 0 0 45 48 47 51 38 56 49 0 41 51 41 54 42 52 0 39 0 50 45 44 44 42 47 0 38 54 38 50 57 57 39 38 54 45 41 57 41 57 50 0 40 0 38 56 46 41 0 52 57 39 0 46 42 0 49 0 54 50 50 0 50 39 39 46 0 0 57 47
48 0 0 45 47 36 40 38 50 44 0 42 38 36 0 0 36 0 50 48 37 0 0 47 0 48 42 43 51 0 46 44 48 42 52 0 49 45 47 0 40 0 47 36 52 0 43 42 47 35 40 48 36 46 0 43 45 53 49 40 48 35 0 47 37 0 0 0 36 43 39 42 0 46 0 53 45 35 50 53 40 50 50 0 52 0 43 51 52 0 36 53 52 46 47 51 39 0 0 42
56 0 51 44 39 57 50 55 55 56 43 55 50 47 54 47 0 54 59 0 42 52 50 49 45 0 49 46 45 44 46 45 53 0 48 50 45 55 47 55 0 42 47 45 42 59 46 53 43 0 57 57 55 41 50 51 44 0 43 55 48 55 45 57 41 53 51 0 46 49 0 0 44 48 50 0 58 39 0 44 44 55 43 53 50 0 0 0 46 57 51 50 47 56 58 57 57 0 0 41
0 43 40 54 42 0 53 49 0 43 49 46 47 44 41 52 37 53 37 51 37 48 36 52 49 48 43 53 0 38 49 41 0 37 38 53 0 0 49 0 0 39 54 49 50 0 40 0 43 0 0 49 0 39 39 41 42 0 43 39 53 50 42 40 0 0 52 46 0 40 0 36 44 49 52 0 0 39 54 53 42 0 0 52 50 52 42 50 53 41 36 0 40 53 49 0 36 46 39 39
51 0 39 51 0 44 55 42 50 0 55 50 44 55 55 57 45 55 56 43 41 47 0 45 47 0 53 46 43 46 52 48 40 42 0 41 53 55 41 51 0 56 50 42 49 0 57 52 43 58 42 57 0 45 50 47 48 0 39 47 48 57 57 48 52 42 58 56 56 52 53 42 0 39 46 54 0 51 58 53 0 43 50 43 48 0 41 0 48 41 0 55 0 57 0 42 39 43 44 0
35 46 41 42 34 45 0 44 37 0 0 34 37 35 44 0 46 0 0 45 0 47 0 42 46 41 47 0 0 43 47 0 46 33 40 40 0 37 48 47 33 37 42 0 0 47 0 33 36 0 0 43 34 0 38 47 0 41 40 49 49 0 0 0 0 34 46 35 43 40 46 46 0 34 38 0 42 38 33 43 0 36 44 47 40 49 47 36 35 0 40 0 47 0 34 40 37 37 39 0
0 46 0 0 54 0 45 37 39 47 38 0 52 52 0 49 0 51 0 45 39 50 0 50 46 42 0 41 39 40 39 0 49 46 0 37 43 0 48 50 38 52 45 52 39 39 0 42 0 37 0 53 52 50 38 47 42 54 50 0 53 49 45 40 42 52 39 52 50 54 0 49 40 48 52 52 42 0 42 0 0 0 52 0 39 52 39 55 50 51 40 38 39 42 39 42 51 47 50 55
0 49 45 36 52 37 38 0 0 44 43 41 0 45 44 35 42 50 41 40 53 37 49 53 0 0 47 0 46 43 35 53 41 45 49 0 48 38 0 43 52 49 50 48 44 40 42 0 46 50 50 41 41 50 0 53 42 37 44 38 0 35 0 50 0 36 50 53 0 42 47 50 53 0 46 50 49 53 0 0 0 0 0 38 0 52 0 40 47 0 41 47 44 0 50 47 41 39 52 0
0 41 40 50 0 0 0 34 0 41 41 48 0 38 41 0 51 0 48 36 39 42 0 51 45 44 38 49 0 43 43 43 42 47 36 35 46 0 37 36 34 46 0 0 48 45 0 43 0 51 36 43 0 49 41 48 38 41 40 0 0 46 49 0 41 34 37 34 35 41 51 41 44 38 0 42 49 0 44 40 46 38 0 43 0 0 0 36 41 51 0 41 0 36 46 51 41 35 0 46
48 41 0 35 39 36 49 0 0 38 38 44 40 50 38 44 50 47 34 46 43 34 36 36 41 35 0 0 0 38 40 51 43 0 44 0 48 46 46 42 38 0 0 34 47 43 48 39 41 0 0 41 0 0 51 51 44 51 50 40 0 40 0 0 38 0 0 41 48 34 42 45 48 0 41 49 39 34 36 44 51 46 0 38 43 0 48 41 46 37 35 0 0 44 0 42 0 38 0 38
33 0 34 0 33 47 42 46 46 43 0 44 0 36 0 40 32 43 42 46 0 38 47 32 0 44 0 48 48 40 41 46 0 46 0 33 32 33 39 0 0 0 40 45 46 0 0 48 36 0 42 0 43 0 45 0 45 38 46 42 34 0 46 40 40 46 0 44 47 44 38 42 0 39 38 40 44 45 48 0 0 32 40 41 0 38 0 0 0 0 36 0 0 44 38 34 0 0 0 48
39 40 51 0 0 0 40 36 52 49 52 46 0 46 40 43 45 47 43 49 0 40 48 40 39 52 39 48 0 43 54 43 0 45 37 50 0 44 55 47 38 37 55 52 53 43 0 47 52 43 0 41 45 38 46 37 37 38 45 36 0 43 37 36 37 0 37 0 51 40 0 0 38 50 39 36 54 0 0 39 0 0 38 0 55 52 0 0 39 48 46 38 39 48 53 47 0 54 40 49
38 38 44 53 45 0 38 37 50 47 36 53 48 41 38 0 0 44 47 0 48 52 49 0 44 0 0 0 52 37 38 50 44 53 0 53 42 44 47 44 0 35 35 0 41 0 51 52 40 50 38 39 38 47 53 47 0 38 41 41 38 36 39 51 0 53 43 40 50 38 0 47 38 0 41 0 40 50 38 0 51 0 41 0 44 0 38 41 0 44 0 0 36 50 43 41 44 36 53 45
49 42 54 40 42 37 53 42 53 37 0 51 46 0 54 52 42 41 51 0 53 0 42 44 0 51 38 40 0 40 0 0 50 0 46 43 0 52 37 42 0 36 50 40 43 40 0 41 50 49 40 37 51 0 54 0 0 49 52 46 0 50 43 44 44 38 54 36 46 0 40 0 41 53 0 0 51 0 53 51 45 54 50 36 0 40 50 53 47 0 54 0 40 39 52 46 45 46 53 53
49 52 39 41 0 51 38 48 35 41 0 38 37 38 41 38 0 0 46 49 0 42 47 52 44 46 45 37 0 49 0 0 41 52 41 44 49 46 0 0 0 46 46 0 44 0 52 49 0 44 52 35 35 44 47 0 0 0 0 35 46 50 44 0 43 0 46 46 45 0 0 52 51 46 48 38 0 52 35 49 43 0 41 44 36 40 0 38 49 0 49 38 46 42 45 51 38 0 41 46
40 0 44 0 38 50 34 0 0 39 41 45 0 46 35 39 36 44 36 36 34 0 37 34 33 43 0 34 46 0 34 36 47 43 46 0 0 39 34 39 41 36 43 0 0 40 35 35 0 48 35 39 0 39 0 0 37 0 33 0 0 0 41 0 47 0 34 42 39 0 42 48 43 41 0 42 0 50 42 47 50 37 39 0 36 43 40 41 0 0 40 38 0 43 36 48 40 38 43 36
0 49 50 0 47 54 44 40 38 52 44 40 42 0 0 53 0 38 45 44 0 44 43 44 54 36 41 0 51 43 51 40 40 0 40 48 41 0 53 48 42 0 38 0 45 54 38 45 47 0 0 39 53 39 37 0 39 0 38 45 51 38 0 38 50 50 38 41 54 43 45 40 48 0 53 42 54 44 51 40 0 45 42 40 0 54 38 41 51 48 0 0 0 54 47 52 38 44 48 0
0 40 0 33 38 34 41 35 35 32 0 46 40 39 33 0 46 35 33 37 0 35 35 0 42 37 0 41 37 43 0 41 41 0 36 0 0 31 0 0 43 34 36 35 41 0 45 33 37 0 34 0 0 0 0 41 42 43 43 0 46 44 39 39 37 43 37 0 37 0 33 41 0 0 31 0 0 33 31 32 0 0 0 46 33 31 0 37 44 35 0 0 44 0 46 35 0 34 38 39
