nb_clients 100
nb_jours 50
nb_camions 6
volume_max_camion 1000

demande_quotidienne
38 46 45 0 41 47 44 0 46 35 47 33 44 0 45 38 0 49 44 45 45 0 42 47 36 38 47 36 0 0 49 0 48 50 35 0 50 46 34 40 50 33 0 0 0 49 42 49 0 42 0 46 43 36 41 35 0 0 0 38 0 0 42 50 47 0 42 45 0 46 0 45 0 0 46 0 40 0 33 39 47 48 49 37 49 40 45 46 46 35 0 47 38 0 46 39 0 35 35 0
47 44 0 41 35 42 36 0 40 42 50 42 35 0 47 47 50 0 42 49 0 0 0 39 45 38 34 40 0 0 0 47 0 34 38 0 40 0 39 36 49 34 40 0 41 36 42 0 0 0 42 47 47 48 45 35 47 45 39 42 47 0 49 38 40 0 39 45 40 45 40 33 42 46 0 33 42 47 0 47 0 34 47 0 40 0 0 0 41 47 0 39 49 44 33 46 0 0 0 41
45 55 50 46 53 54 0 42 47 42 0 0 47 0 45 46 48 41 58 38 0 55 57 42 0 51 44 55 45 0 46 42 55 0 55 56 0 41 0 46 46 55 44 50 42 0 46 57 55 43 0 50 45 44 41 39 51 43 0 53 0 45 46 55 40 54 47 53 42 49 46 51 45 0 47 55 49 46 49 53 49 39 0 0 43 38 0 54 51 49 52 56 44 39 57 50 58 0 57 51
0 53 47 44 40 53 46 0 44 40 40 57 0 44 49 53 0 39 51 58 41 43 52 46 44 56 39 52 0 49 40 54 41 0 0 45 53 51 40 48 0 44 41 53 41 43 44 0 42 0 0 55 53 0 40 58 45 44 45 54 52 52 49 40 51 47 58 39 0 58 42 0 41 40 40 51 40 57 0 52 0 51 47 43 47 40 0 49 55 49 53 0 48 45 44 47 49 41 0 53
36 0 53 45 37 50 0 37 44 0 0 51 49 0 51 0 0 46 37 44 51 47 54 0 44 46 53 46 47 36 41 40 49 42 0 50 37 0 41 46 39 36 44 0 49 42 0 47 53 0 53 52 48 0 0 38 53 44 50 49 38 50 53 36 47 39 0 54 45 37 48 37 50 0 52 45 0 36 44 38 36 38 52 0 53 43 0 43 0 37 0 50 0 48 53 0 38 49 53 38
49 0 49 43 49 40 0 41 0 51 41 46 50 52 0 45 0 44 0 45 44 49 46 37 45 48 0 46 0 0 46 52 49 54 49 52 48 0 47 39 51 0 39 40 0 47 53 47 0 48 46 49 53 0 0 0 54 40 39 49 48 43 41 52 49 54 43 52 0 46 0 0 0 42 40 43 36 42 0 45 0 0 0 44 41 43 47 54 39 46 52 47 52 50 40 0 49 51 49 36
46 0 36 0 52 35 45 40 0 49 51 52 0 36 39 41 40 39 52 41 38 38 0 0 50 35 41 38 0 42 38 44 36 0 36 37 36 41 41 35 43 0 0 52 50 0 35 35 0 0 44 43 46 0 39 0 48 0 46 0 38 0 42 37 41 36 50 44 37 0 46 41 0 46 51 43 50 52 0 52 45 41 50 0 50 0 41 37 52 42 50 48 47 46 0 0 46 46 43 0
53 43 52 54 50 54 40 0 51 0 51 0 40 44 51 47 0 38 0 39 44 51 0 51 50 46 49 43 51 40 47 47 43 40 53 38 38 0 40 54 49 49 0 54 45 0 38 42 0 0 37 39 0 47 48 42 41 0 54 48 0 44 45 0 49 54 38 44 47 0 39 0 50 38 52 0 50 54 54 38 40 53 0 50 46 52 0 45 0 39 50 50 39 45 41 0 0 0 50 40
41 42 44 43 36 47 46 45 0 49 50 0 51 0 0 52 0 43 52 47 36 50 0 53 51 36 38 54 54 0 41 47 0 0 51 47 41 41 48 41 0 48 0 47 38 50 43 52 39 39 47 37 50 37 36 44 50 0 48 0 47 49 36 44 44 44 44 53 0 0 37 50 54 37 53 37 0 44 0 37 41 46 53 54 0 0 0 38 37 46 0 41 0 40 0 47 0 53 37 49
49 0 55 51 46 39 50 50 58 57 49 50 43 50 40 58 45 0 48 50 52 48 54 49 45 39 44 45 48 0 50 53 44 43 44 0 43 0 0 52 43 55 39 42 41 54 43 50 51 43 40 39 49 50 47 49 0 0 57 40 0 49 40 49 51 0 45 45 41 49 0 44 43 47 0 41 48 41 54 40 0 0 45 0 0 51 0 53 45 39 47 55 0 47 40 40 56 49 40 54
49 0 37 35 0 36 0 0 0 35 46 35 39 0 46 0 39 0 0 42 0 43 0 35 43 0 52 0 49 43 36 41 38 44 37 46 43 47 42 47 50 52 43 0 51 51 43 47 43 0 43 44 0 40 0 52 51 0 43 0 0 46 51 52 49 51 51 43 46 35 0 0 0 52 35 45 36 52 51 50 50 37 42 40 0 49 35 49 0 45 45 0 49 42 0 35 36 39 43 37
0 49 42 0 46 37 0 0 41 0 0 39 51 0 49 36 0 41 42 40 41 48 48 45 48 54 50 43 0 0 46 0 50 37 0 0 50 36 38 40 0 37 38 46 45 41 51 50 0 51 0 54 51 52 44 45 50 51 0 54 0 42 50 0 45 0 38 48 36 46 42 53 51 37 43 44 40 47 54 37 48 51 53 44 0 51 37 50 0 40 0 44 36 0 0 45 46 0 42 40
44 40 0 41 54 41 54 51 47 0 49 46 45 41 51 46 48 55 46 48 0 37 43 36 40 39 36 54 39 43 49 49 0 52 48 37 41 54 41 0 48 0 0 45 47 54 41 54 0 0 0 47 43 46 47 38 41 39 48 55 0 0 0 52 45 40 0 43 0 48 0 49 42 0 43 43 36 0 45 45 43 0 42 49 36 36 39 0 0 39 49 36 40 37 0 41 55 47 0 45
51 38 0 0 43 37 44 48 0 38 52 51 40 48 44 44 43 0 49 48 56 44 45 38 37 0 38 53 0 41 56 0 43 41 56 56 48 50 56 0 0 41 0 37 0 38 37 49 53 0 0 48 50 54 56 52 50 48 0 50 53 41 0 41 39 54 0 51 40 48 56 46 48 48 44 44 48 44 0 41 52 0 41 50 38 48 49 0 0 52 52 44 37 45 0 52 51 40 49 41
0 54 55 0 0 47 53 38 45 37 49 48 55 0 48 0 44 45 41 0 46 46 44 37 0 0 37 44 44 51 46 0 0 0 40 47 43 47 38 48 42 41 0 38 0 49 39 55 0 39 52 37 0 0 0 47 43 48 48 43 44 50 50 37 41 42 48 0 40 40 0 41 54 48 53 46 52 37 40 46 37 0 55 52 41 44 41 52 40 40 37 49 40 50 41 0 0 39 47 46
41 37 43 39 0 0 40 44 40 46 0 51 38 0 37 45 40 48 42 0 45 50 0 39 0 44 48 37 55 0 49 55 0 51 47 48 50 50 44 48 40 50 48 46 41 0 51 44 55 55 41 44 0 44 43 41 40 37 0 37 47 51 41 39 51 37 41 0 0 0 53 45 49 0 55 43 38 48 50 51 48 0 40 0 51 41 44 0 49 0 45 0 44 0 45 54 51 55 55 45
49 41 40 40 39 0 36 0 0 39 0 41 50 48 0 0 43 0 44 37 44 41 46 37 47 0 45 0 47 0 0 43 43 46 47 0 40 34 0 42 42 38 0 42 0 0 34 46 44 36 43 50 0 49 0 42 34 40 42 45 42 42 44 42 0 0 0 0 44 37 41 0 0 42 0 47 0 37 35 38 41 43 40 38 0 34 46 50 41 46 44 50 42 50 38 0 41 0 47 36
50 47 43 49 40 44 0 51 42 40 41 52 39 48 37 0 47 37 49 41 49 44 0 47 0 0 53 48 51 53 54 44 48 44 40 53 55 55 0 39 48 0 55 45 39 0 45 49 48 0 40 54 45 0 0 51 43 45 42 53 0 39 38 53 50 37 50 0 0 0 39 41 0 49 51 47 44 46 48 54 50 43 42 51 0 45 0 40 0 0 46 52 50 46 45 56 51 55 0 50
38 44 34 0 43 0 0 38 44 38 0 36 44 36 45 42 38 41 37 51 34 41 44 39 0 0 0 34 39 42 42 0 39 37 0 39 42 39 34 49 0 0 36 38 39 40 44 37 0 0 39 0 49 38 38 49 42 0 0 37 49 51 45 0 47 46 0 47 0 48 40 44 42 34 0 46 0 44 34 47 0 39 45 0 49 44 39 42 45 44 42 42 0 44 51 37 0 0 0 0
49 36 45 0 0 40 44 36 39 43 47 45 36 43 40 0 34 45 40 0 37 46 34 48 49 45 0 39 45 47 39 0 40 42 0 47 39 33 0 0 45 49 49 40 0 0 40 0 36 38 0 48 37 0 0 48 35 40 45 0 0 49 0 0 0 41 0 37 0 45 45 0 35 49 34 46 0 0 37 36 44 0 36 35 35 45 45 35 41 45 0 40 41 38 34 0 0 47 0 38
44 40 42 40 50 46 48 41 0 46 54 0 44 52 0 50 42 54 0 43 44 46 0 46 40 40 55 41 57 39 43 49 46 40 46 57 41 0 38 54 50 0 0 0 46 49 56 48 0 52 0 52 48 48 44 45 0 44 52 47 0 38 38 42 48 54 0 0 57 0 50 56 42 55 56 54 46 44 0 54 51 0 56 0 42 40 42 42 56 0 50 48 56 45 41 40 0 46 54 53
54 41 43 40 38 51 38 53 40 39 0 54 38 0 49 46 54 0 50 0 51 47 0 41 0 37 38 44 53 54 0 41 37 37 44 0 54 44 45 39 37 0 46 37 50 47 53 54 44 0 0 47 0 0 37 45 41 42 41 0 0 0 0 44 51 39 50 53 0 42 44 39 37 46 37 51 44 42 41 47 51 0 43 52 55 51 0 53 54 41 0 51 47 0 44 38 41 47 49 49
40 45 52 0 0 0 50 41 0 0 42 43 0 0 45 0 39 50 39 50 43 56 57 0 38 38 38 50 53 38 39 55 50 50 38 39 46 54 45 45 50 50 45 57 0 41 45 0 52 39 47 54 39 40 54 43 43 39 0 56 47 0 56 0 56 50 41 0 42 39 0 0 50 50 38 50 0 46 54 50 39 48 54 55 46 51 0 48 0 46 53 38 46 45 50 56 54 44 50 56
0 40 44 38 51 42 53 47 46 47 54 0 0 43 50 37 52 41 49 0 50 45 41 45 40 43 38 0 40 48 46 42 46 0 49 0 43 45 46 37 0 53 0 0 44 53 45 42 48 41 39 41 40 0 50 36 0 46 53 0 50 0 45 47 47 0 48 48 49 46 50 40 47 45 37 51 49 0 40 0 0 0 0 53 38 39 45 54 0 38 0 38 50 0 43 49 39 46 46 0
40 40 53 51 46 47 0 0 0 0 36 42 49 0 50 44 44 0 45 0 38 43 40 37 40 45 0 0 0 41 53 37 44 49 43 0 0 49 0 49 0 0 36 0 51 43 41 39 54 42 50 37 42 44 0 43 39 44 40 40 51 49 38 47 0 42 0 49 45 42 50 43 0 40 47 40 43 44 52 37 0 46 54 45 53 44 51 0 50 41 0 53 38 50 50 38 36 40 0 44
0 36 37 0 0 35 49 39 45 44 34 0 39 0 39 32 0 42 49 0 42 49 36 43 0 35 0 40 43 38 0 43 37 0 41 43 40 48 0 0 32 44 39 0 45 0 44 42 0 43 34 48 0 36 0 44 0 47 36 36 48 0 0 34 40 44 32 37 39 32 0 33 41 0 35 46 49 0 42 40 48 43 32 0 47 41 0 44 48 34 35 0 34 0 0 37 35 0 34 0
44 36 41 37 53 47 0 39 49 54 41 44 0 47 54 0 43 55 44 53 36 41 0 49 0 36 41 55 0 46 0 53 45 47 0 49 0 52 48 0 51 54 43 52 0 38 42 55 40 49 44 47 0 42 0 53 0 44 43 44 0 55 55 0 40 43 0 38 40 0 54 43 51 0 45 49 46 0 39 52 45 36 51 54 45 47 37 0 52 47 49 52 51 42 0 48 49 49 0 48
0 55 42 44 38 54 38 49 48 46 0 0 0 43 0 40 50 51 43 37 41 0 52 42 48 53 51 39 44 45 53 42 0 0 0 37 45 48 44 49 0 0 52 45 44 0 52 48 0 0 49 44 49 49 45 0 38 42 50 38 45 50 38 45 0 41 38 0 41 45 39 41 45 51 0 49 0 49 52 50 38 37 56 50 42 53 45 0 51 44 50 42 45 0 51 46 40 48 0 53
52 44 0 46 44 0 50 52 53 50 37 41 45 42 44 38 0 39 38 45 53 36 44 52 45 53 41 0 37 0 36 41 0 0 45 51 44 45 53 35 41 52 50 44 0 0 53 0 44 52 44 0 0 39 0 0 0 0 41 50 39 0 41 40 38 0 47 53 47 49 46 0 53 0 41 44 53 49 44 37 40 44 50 38 0 53 51 0 44 44 0 0 52 51 50 0 0 48 53 45
35 46 0 44 34 39 39 46 49 38 48 0 37 0 48 41 46 37 46 0 0 44 37 40 0 38 42 37 0 49 35 48 35 0 0 0 47 0 41 0 0 44 45 39 39 0 40 35 48 0 35 38 0 43 0 49 47 41 38 44 0 0 0 45 49 49 0 34 37 40 33 45 47 0 33 44 0 0 35 46 41 39 41 0 0 46 45 41 34 42 37 0 47 38 0 0 0 35 0 44
38 0 0 50 45 43 55 52 42 0 53 0 0 47 38 38 51 37 40 41 0 42 52 0 0 0 41 50 0 38 41 46 49 0 37 39 45 41 46 47 55 42 0 38 38 54 38 50 55 44 53 0 0 48 41 38 54 45 0 48 49 0 40 40 42 42 52 48 43 46 53 0 42 52 0 53 45 38 52 41 41 0 0 37 48 39 55 42 39 41 40 0 0 54 41 50 55 47 37 44
34 43 38 44 0 38 35 41 46 47 0 0 36 38 0 0 39 35 36 43 42 0 0 41 35 0 0 42 49 36 34 0 43 33 36 0 40 46 40 43 48 43 39 0 35 0 0 0 0 33 41 0 34 34 0 39 35 33 39 48 48 46 0 0 0 42 48 41 34 39 0 36 0 41 0 47 0 34 40 46 0 45 49 47 41 0 41 0 0 0 46 37 43 48 44 34 41 39 34 46
56 50 51 57 46 54 43 0 43 50 56 52 47 49 0 54 45 55 41 41 55 0 54 54 52 0 43 0 50 49 46 56 0 48 52 47 56 49 50 51 45 47 51 47 45 0 55 53 53 56 46 40 39 47 53 0 0 55 49 0 40 43 49 52 0 53 0 42 40 52 47 0 50 42 55 49 45 0 0 52 45 54 45 39 0 52 42 56 38 38 50 0 50 0 0 47 0 38 0 57
36 45 0 46 38 41 40 52 52 40 51 44 38 52 0 44 0 53 51 0 0 36 0 44 51 37 51 49 0 47 43 54 36 40 45 0 0 0 0 36 37 41 0 49 47 37 0 51 0 36 45 36 43 0 49 39 52 45 41 0 46 54 48 38 37 37 0 41 36 41 52 43 43 46 49 37 0 41 0 43 38 47 0 52 41 45 40 0 0 0 0 49 43 38 40 46 37 43 40 44
41 37 39 47 49 43 50 46 48 43 0 38 45 37 40 0 37 49 41 42 43 0 40 40 40 51 53 0 0 0 52 0 40 0 0 43 54 0 0 52 0 45 0 36 41 42 43 36 44 46 0 43 49 0 43 54 49 0 49 38 43 52 52 40 52 0 42 49 47 41 0 46 0 52 40 52 44 38 47 0 48 47 52 0 43 52 0 0 43 36 50 0 36 41 0 44 42 40 50 46
0 37 37 41 46 42 0 46 46 0 50 0 41 43 50 35 43 0 47 36 40 47 0 36 37 0 34 0 44 0 41 0 38 41 43 51 35 34 36 0 43 35 0 37 51 48 38 46 0 39 40 0 48 43 0 35 0 39 34 43 0 46 40 0 49 0 38 42 0 39 51 35 38 37 0 48 35 43 34 44 43 50 0 51 45 39 35 41 0 46 0 40 46 42 34 0 0 39 0 51
49 48 0 0 46 49 0 0 50 52 35 52 46 45 0 0 38 42 52 36 43 0 0 44 47 45 42 43 49 37 0 0 0 41 38 0 46 0 41 45 41 45 46 36 46 41 41 35 0 0 0 40 49 42 38 0 46 0 0 43 36 49 35 35 47 0 0 44 41 0 48 52 44 0 49 44 41 43 45 51 49 48 35 46 44 46 37 0 0 40 38 42 43 36 39 41 46 46 0 44
43 46 45 54 42 37 50 37 52 48 39 45 51 0 44 0 39 40 51 54 39 46 39 41 40 52 55 53 51 42 0 42 0 48 0 49 44 42 54 50 45 51 44 46 53 46 54 51 50 0 54 0 42 46 0 0 44 0 0 55 0 47 0 46 48 0 48 39 39 37 0 54 48 48 55 0 50 48 46 44 48 46 38 55 43 41 39 38 0 0 44 46 48 50 0 51 54 0 45 0
57 38 42 45 0 0 49 0 56 52 47 43 53 0 47 46 57 0 53 0 0 54 43 42 50 42 41 57 0 55 44 56 57 49 45 0 0 50 0 40 0 53 47 55 0 45 43 38 49 39 44 39 43 0 47 38 56 49 41 47 54 55 38 40 55 49 57 49 53 0 45 0 53 45 40 38 53 44 53 52 46 0 0 0 40 51 46 50 55 52 39 0 44 51 0 47 51 53 49 54
36 34 41 41 41 0 0 43 48 51 37 0 0 40 0 0 51 46 0 36 37 46 0 47 0 42 0 36 0 49 42 39 41 51 52 0 46 0 34 0 52 52 46 51 51 46 46 0 46 48 36 0 35 0 39 46 48 45 44 0 0 42 42 39 51 51 47 43 36 0 44 0 39 52 39 0 0 39 52 0 42 51 42 52 35 52 35 41 41 36 39 46 51 0 0 0 47 0 46 42
0 48 48 0 50 54 53 47 42 47 44 57 56 51 47 50 55 53 45 0 39 0 51 51 40 40 0 46 50 0 57 52 44 0 52 0 0 52 50 51 56 0 53 45 55 50 52 38 38 42 43 54 48 0 54 0 49 55 52 41 46 50 0 55 46 42 42 44 38 50 48 39 39 53 42 47 56 46 0 55 0 38 38 44 55 55 0 55 0 0 38 0 46 0 51 40 0 45 53 56
43 40 47 52 0 47 42 48 0 37 40 36 40 40 0 50 48 45 37 51 51 38 0 0 0 36 0 47 41 39 51 44 0 46 52 43 0 53 0 48 51 44 46 52 45 36 45 0 49 38 49 44 39 36 0 54 40 0 37 42 52 39 0 47 0 48 0 0 50 0 38 49 51 51 40 43 50 40 48 36 0 43 0 49 40 0 48 36 47 53 40 42 0 37 46 45 43 0 0 47
47 40 0 43 37 40 37 52 37 0 37 0 47 49 45 37 40 40 49 51 39 49 39 42 37 39 0 42 38 0 43 36 36 40 52 49 0 49 46 43 48 0 0 44 47 0 48 51 35 0 51 35 44 44 0 39 0 0 38 0 43 41 37 49 37 0 0 40 49 44 0 53 36 0 0 53 0 46 0 51 49 42 0 0 52 0 51 40 41 51 50 51 51 46 46 53 39 43 0 0
50 41 0 45 40 0 52 53 38 48 49 48 47 43 53 0 55 42 42 48 48 41 37 0 0 0 0 0 44 0 43 0 36 0 41 43 53 49 45 48 55 49 0 0 49 52 0 54 42 54 47 45 51 41 45 55 53 52 39 45 0 52 43 0 0 47 38 38 0 41 39 51 51 44 41 41 0 36 0 0 43 50 41 36 45 39 37 51 43 44 44 0 54 0 45 0 42 52 52 42
51 0 42 38 0 47 44 0 49 52 0 51 44 52 54 46 0 51 53 45 0 0 43 40 37 45 47 0 54 43 45 49 52 37 40 50 46 53 54 0 49 37 37 40 54 43 41 0 43 0 0 0 40 54 50 43 51 44 54 44 37 0 40 46 52 43 0 49 49 0 37 47 46 49 49 46 0 53 0 0 37 53 46 0 50 47 0 45 54 43 0 41 0 0 52 41 50 0 37 51
48 0 57 45 0 58 57 51 43 39 54 54 46 50 52 41 50 52 45 39 0 0 42 40 49 52 39 53 56 57 46 45 54 46 0 55 0 0 38 44 42 44 0 51 49 39 52 55 42 47 0 56 53 50 0 57 0 56 41 50 54 57 0 0 45 56 55 0 52 41 38 42 47 40 38 46 50 41 42 42 44 0 0 0 46 53 51 0 42 53 52 0 56 57 39 41 49 55 56 0
0 38 47 39 53 41 54 47 39 54 38 49 43 46 0 36 50 0 37 52 0 41 0 36 0 0 36 50 0 38 47 54 47 50 50 38 41 52 0 45 52 37 40 53 45 0 0 47 48 37 40 0 42 0 41 52 0 47 44 0 44 0 52 47 0 54 53 49 0 46 47 45 50 47 48 50 50 47 43 38 52 0 50 0 46 41 40 47 53 0 0 50 42 47 48 44 47 0 36 0
37 0 0 49 53 50 45 39 36 49 41 0 40 51 0 38 41 0 50 40 36 47 52 0 54 41 52 38 49 37 48 41 0 41 40 40 51 50 51 43 48 42 0 50 53 0 37 38 43 0 0 54 0 53 0 39 42 0 0 0 53 43 0 51 47 38 0 41 46 36 40 37 39 47 40 52 38 48 38 49 47 47 0 0 53 47 37 46 37 0 0 46 0 0 46 44 53 53 40 37
0 41 0 40 46 45 40 37 0 0 40 43 40 42 34 48 0 36 42 0 42 42 35 47 0 35 49 40 0 34 42 40 0 39 33 39 0 44 38 49 0 47 0 38 42 0 0 42 0 42 33 35 42 40 38 44 38 0 0 0 37 42 0 40 49 42 38 0 47 0 0 38 0 44 39 33 0 35 40 47 35 40 33 39 47 0 36 47 37 0 49 0 0 0 0 33 44 47 0 40
45 46 46 35 33 33 0 0 0 48 47 43 42 34 37 48 46 38 43 0 0 39 43 47 44 0 0 0 0 42 0 44 34 0 48 38 43 0 42 35 35 49 44 44 42 42 40 42 0 40 40 38 46 37 40 37 37 37 47 43 0 48 40 0 0 0 0 0 37 33 33 0 42 0 44 48 40 0 37 39 39 42 0 0 35 36 0 0 0 38 47 33 46 0 0 0 39 0 48 47
