nb_clients 100
nb_jours 50
nb_camions 6
volume_max_camion 1000

demande_quotidienne
41 46 0 0 40 43 42 41 46 0 42 41 44 39 43 38 40 0 46 0 0 46 0 43 45 46 44 38 0 0 45 0 44 0 42 0 0 41 41 41 44 44 39 43 42 42 43 40 37 0 43 37 37 0 41 45 46 44 0 37 44 42 41 39 45 0 45 37 39 0 39 39 0 38 46 43 42 37 37 41 43 42 37 0 43 40 45 0 43 41 43 0 0 44 43 44 40 42 37 44
45 41 0 43 38 0 0 0 38 0 0 44 39 41 0 0 44 45 38 38 36 37 44 42 0 41 0 42 0 42 45 38 0 44 43 41 43 39 41 41 44 44 44 45 40 37 40 43 37 41 0 44 40 38 38 36 44 39 37 44 38 40 0 38 40 41 36 0 45 38 44 38 0 0 0 0 0 44 37 36 37 44 0 0 43 37 41 37 40 37 36 43 0 38 38 0 37 41 38 44
46 37 45 37 43 0 0 38 0 0 39 38 45 40 41 42 0 37 0 43 37 44 38 46 0 39 40 41 0 43 44 0 46 45 39 46 0 46 45 39 39 0 43 0 38 0 43 45 39 37 43 45 42 0 43 40 45 0 42 45 40 0 43 46 37 43 46 38 41 46 0 0 40 0 39 46 43 0 44 40 45 41 44 45 0 39 46 40 42 46 0 45 38 37 44 39 46 41 39 39
0 40 38 37 40 40 39 37 0 0 40 39 37 0 0 40 0 34 38 33 0 40 34 0 38 38 38 0 41 0 0 0 36 36 38 33 41 0 37 35 0 40 33 40 34 0 37 40 0 36 33 35 0 40 41 33 0 0 39 0 35 33 39 40 35 0 36 40 0 0 0 0 40 33 33 36 38 0 0 0 36 34 40 38 40 0 36 33 34 36 33 0 33 35 0 36 38 36 36 39
36 0 45 0 44 42 45 44 42 44 41 40 0 38 0 41 43 39 36 38 38 39 40 40 0 40 45 37 40 45 0 0 36 39 38 0 43 0 40 41 42 38 0 37 42 0 38 36 39 38 0 45 37 39 41 0 39 41 37 37 0 42 0 40 45 45 40 37 42 37 45 42 0 36 39 40 45 0 0 38 0 43 41 45 0 0 37 45 37 38 0 38 36 41 36 37 41 42 0 39
41 41 44 42 44 0 38 40 36 39 0 38 42 44 37 40 38 39 36 0 44 0 41 41 0 0 38 36 41 0 38 38 0 0 44 38 42 37 36 38 0 0 39 41 37 36 42 41 37 42 40 43 0 40 41 0 43 39 0 0 43 43 38 41 0 38 0 39 44 44 39 39 35 0 37 38 0 0 37 40 42 38 44 0 44 41 36 44 36 41 35 36 0 37 35 38 0 0 41 0
35 43 0 41 0 38 40 38 40 0 34 41 35 41 0 0 40 43 41 35 42 38 0 36 0 40 0 0 39 0 38 41 41 36 43 34 41 34 0 35 37 40 41 0 38 0 0 0 37 43 38 38 0 38 34 35 41 35 36 0 42 38 34 34 39 0 35 39 41 42 35 0 42 35 0 38 38 0 0 39 0 39 0 0 0 43 35 0 0 41 41 35 41 38 35 42 40 41 38 36
0 43 0 43 0 35 35 41 43 40 41 42 38 42 35 42 43 0 0 43 0 39 43 38 43 0 43 35 41 43 37 0 43 39 40 38 0 37 0 38 43 42 35 35 35 0 38 35 41 42 41 0 0 37 35 43 0 43 0 0 41 39 41 38 35 0 39 0 39 0 35 0 0 35 39 43 0 43 35 43 40 39 42 0 35 40 0 43 38 0 38 0 35 0 43 35 38 38 36 35
40 41 38 45 0 40 38 40 45 45 46 0 0 0 41 41 46 0 0 40 39 0 43 38 43 41 46 0 39 38 40 0 41 0 41 41 44 0 41 39 0 38 38 44 45 41 39 42 39 0 47 0 41 44 40 40 47 39 41 41 42 45 0 39 45 38 42 38 46 0 39 42 41 44 42 46 39 45 42 41 45 41 0 40 43 0 41 45 0 0 42 42 38 42 0 41 43 40 41 41
45 40 0 49 40 43 40 0 47 48 41 49 48 45 0 41 49 44 44 41 42 0 43 46 41 43 45 0 48 40 45 0 42 43 39 48 45 47 45 39 42 43 40 0 48 43 46 47 41 44 48 49 45 40 48 45 49 42 46 0 44 43 48 39 0 43 48 39 39 43 44 46 47 48 44 45 0 0 43 43 43 49 48 0 47 40 0 40 49 43 43 0 0 0 46 42 49 41 40 0
37 37 0 36 41 40 0 0 40 35 39 0 40 39 42 0 0 37 37 39 38 41 0 0 0 35 42 35 0 39 41 39 0 0 42 37 38 42 39 42 39 37 39 0 42 40 38 0 42 34 39 37 36 42 0 0 41 37 0 0 0 39 34 0 35 0 35 42 0 0 39 34 38 34 35 41 34 37 0 0 37 42 37 36 43 41 0 37 35 39 0 42 38 39 36 38 39 42 42 39
36 40 43 36 41 38 36 37 36 0 38 43 39 0 43 40 39 43 37 43 37 0 37 0 43 0 0 0 0 42 35 36 38 0 43 0 42 36 0 41 0 0 35 0 0 0 0 43 38 39 0 0 42 0 41 42 42 41 43 39 41 0 40 0 43 40 37 38 0 35 35 0 36 38 35 38 42 35 0 35 43 39 42 0 41 39 41 37 40 37 38 0 35 41 35 43 38 38 41 40
39 38 35 41 0 38 39 36 0 41 39 38 38 38 43 44 44 38 38 41 0 38 41 0 44 0 35 38 0 36 35 41 0 44 0 35 44 40 41 41 0 36 36 0 0 0 44 37 40 38 41 42 36 40 41 0 40 35 37 38 41 0 0 38 39 39 0 36 41 38 0 41 0 38 44 0 44 0 41 42 41 41 0 38 38 38 35 36 0 0 44 36 37 44 40 0 38 38 0 43
0 44 0 42 40 36 36 40 0 39 36 44 42 39 0 0 44 0 42 43 39 38 44 38 36 42 0 43 0 0 39 43 41 39 42 37 37 45 36 0 0 39 0 42 43 0 0 37 40 37 37 42 0 37 45 38 45 45 0 42 45 44 0 38 44 37 38 0 40 39 42 42 0 43 41 36 42 0 42 42 39 41 41 0 0 38 42 0 37 0 41 45 44 41 42 39 44 0 39 37
0 41 45 39 40 46 39 0 36 39 36 40 45 45 39 40 0 0 45 44 44 39 0 40 44 38 0 36 40 43 42 0 45 0 38 40 36 0 0 36 36 39 36 36 0 0 0 37 36 40 44 41 38 39 42 41 0 40 0 38 44 40 0 46 45 41 41 36 0 39 42 42 46 45 0 45 0 46 36 43 37 41 0 38 36 42 38 43 44 42 45 45 0 37 40 39 38 0 36 0
31 37 38 37 0 31 37 31 34 0 0 0 37 35 0 0 36 36 30 0 33 0 37 37 0 0 0 30 35 31 33 33 37 31 0 0 35 33 31 37 0 0 0 0 38 35 34 0 33 35 0 35 0 30 38 35 36 35 33 37 30 35 0 0 31 34 33 35 30 0 33 37 0 33 0 37 0 37 38 33 0 0 0 0 35 35 0 0 33 32 31 0 0 38 32 36 37 0 35 0
41 39 39 41 0 0 44 37 44 39 0 41 40 45 40 41 0 46 42 0 42 39 37 0 39 44 0 42 39 41 37 46 0 45 45 46 40 46 0 39 0 43 42 40 39 43 39 38 45 45 39 44 38 0 45 46 43 44 0 46 42 0 0 0 37 42 46 46 40 40 43 43 43 41 41 39 46 46 42 46 39 37 46 0 0 46 45 46 46 0 42 41 0 0 43 42 0 44 46 0
44 0 35 39 41 37 43 0 43 39 0 44 0 35 44 44 0 42 38 38 37 44 0 36 0 0 38 44 0 41 0 0 44 0 36 38 37 41 36 0 0 40 38 38 40 44 44 39 0 0 36 38 35 41 35 44 0 38 0 40 40 40 44 43 43 0 0 44 35 42 41 0 42 37 42 44 38 39 35 0 41 41 37 0 36 42 39 39 35 0 38 44 36 43 41 41 35 39 0 39
42 39 46 0 40 0 45 39 44 39 42 40 43 0 0 39 39 0 46 45 0 46 46 37 46 43 37 43 46 46 0 45 42 0 0 46 44 38 38 43 39 40 39 46 40 41 46 46 40 46 40 43 43 39 46 43 43 39 0 45 44 39 0 43 37 46 41 0 0 45 46 43 44 39 0 43 43 39 0 41 45 0 43 0 43 37 43 0 43 41 37 0 38 0 0 44 41 44 0 41
42 0 41 45 38 39 41 37 39 46 39 37 41 44 40 37 42 45 37 0 41 47 42 37 44 47 47 46 0 0 38 42 0 0 41 0 44 47 41 45 41 44 47 43 0 39 37 43 0 41 40 42 38 41 38 38 0 41 0 39 0 44 46 45 37 0 43 0 44 46 0 43 43 38 0 0 42 47 47 41 37 45 44 38 38 41 0 0 43 37 39 44 45 0 0 37 37 42 41 39
40 0 36 36 36 0 0 42 42 37 41 38 0 40 42 0 39 35 0 37 42 0 38 0 37 0 37 36 39 40 38 41 36 39 0 43 35 36 41 35 42 39 43 43 36 36 35 35 0 40 0 35 0 43 0 41 41 0 0 36 42 0 39 43 35 0 39 41 42 38 0 0 0 38 0 0 0 0 0 36 39 41 42 38 35 39 39 37 40 39 37 39 37 42 40 39 41 35 0 38
0 38 0 0 41 0 43 39 36 0 34 0 38 43 39 41 35 40 0 36 42 39 34 0 0 0 39 39 35 42 0 41 39 0 36 38 39 0 36 41 37 43 40 35 0 0 0 0 38 43 0 41 40 43 34 36 37 36 42 0 38 0 39 41 0 37 40 39 34 41 0 37 39 42 36 0 0 36 35 41 38 0 0 39 41 39 39 35 41 42 42 0 35 43 39 0 42 40 36 36
36 37 36 37 35 40 0 40 38 0 43 37 43 43 0 42 35 0 39 43 37 36 0 42 0 38 40 43 36 39 0 43 40 0 0 0 38 0 40 0 0 39 39 0 0 0 36 0 41 41 42 0 40 35 43 0 42 43 37 41 42 41 40 35 0 0 43 41 36 39 0 43 35 35 0 0 43 40 38 35 42 40 38 0 43 37 42 40 0 43 37 36 40 40 35 43 40 36 35 0
0 42 40 43 43 38 41 44 43 40 39 36 43 0 40 37 41 0 0 0 0 37 43 43 0 0 38 42 41 36 0 43 37 39 42 41 42 0 40 41 39 37 0 42 0 37 39 43 37 41 37 37 41 40 43 40 0 37 39 41 0 37 39 37 40 0 37 37 43 36 0 37 0 42 38 36 36 0 0 44 45 43 41 44 44 37 41 42 0 45 40 37 43 36 0 0 0 39 39 0
40 45 44 46 44 0 40 43 47 45 0 49 44 45 50 41 42 43 42 49 50 45 48 50 44 43 45 47 41 50 40 45 44 46 45 42 48 49 44 48 44 0 43 0 45 0 50 49 0 0 45 43 0 0 41 44 0 49 41 0 45 42 40 48 45 45 45 46 45 47 47 0 48 45 0 43 45 42 44 46 48 0 40 45 0 0 42 45 40 47 50 40 45 40 43 42 49 0 41 40
38 46 45 40 37 39 37 37 41 43 0 38 37 44 44 0 0 45 42 39 37 0 44 41 37 43 0 39 39 41 0 42 46 37 41 39 41 46 0 44 40 0 44 40 45 40 0 0 0 44 38 44 0 0 0 37 45 37 40 37 45 0 44 46 44 38 41 0 0 0 0 39 41 0 43 37 43 37 45 42 37 43 42 42 0 42 43 40 38 41 40 41 37 0 43 40 39 0 39 40
38 41 37 0 38 40 33 38 0 41 41 38 35 37 0 0 38 38 34 35 38 36 36 40 0 39 0 0 40 0 0 0 38 40 40 33 33 34 36 0 36 0 41 34 0 38 0 0 0 37 38 0 34 0 33 41 41 41 36 41 40 38 0 0 36 34 38 38 40 0 0 0 34 40 40 39 0 0 39 35 39 38 33 0 38 0 36 38 40 35 33 33 0 0 35 38 0 0 35 40
42 0 43 40 39 42 42 38 42 38 40 42 0 36 38 40 38 43 0 39 40 42 38 40 35 0 37 0 35 0 36 0 0 0 0 0 38 43 35 0 39 0 35 0 41 41 0 39 40 37 42 35 42 0 40 0 40 38 39 0 0 35 35 0 43 40 43 35 37 39 41 43 38 38 35 43 0 43 43 37 0 35 41 0 0 0 40 38 35 41 40 38 0 0 39 43 40 38 37 41
41 38 37 0 0 45 0 44 43 38 44 43 42 0 42 46 37 38 42 0 45 39 47 39 37 38 0 42 40 37 45 0 41 42 38 41 0 41 0 47 45 40 46 44 44 37 0 0 0 37 0 43 37 45 41 41 39 41 38 44 44 0 47 47 38 41 44 38 44 38 0 39 43 37 44 47 40 41 0 0 46 40 39 0 45 0 42 40 44 46 46 43 0 0 41 46 41 44 40 40
42 0 0 39 42 44 0 45 36 37 44 40 39 45 45 40 36 37 43 0 39 45 37 38 45 0 0 42 42 40 42 37 41 0 42 0 37 37 43 42 40 38 0 38 44 0 44 45 0 36 36 0 0 39 37 44 40 40 42 44 0 36 45 45 38 45 42 38 39 0 0 0 0 41 39 43 0 39 0 45 42 42 42 45 37 41 40 38 42 36 0 45 45 42 0 36 38 0 0 37
37 37 41 36 45 39 0 40 36 0 38 41 39 39 40 0 41 44 36 37 0 42 0 0 0 37 38 45 39 0 0 0 42 39 42 36 37 38 44 40 44 37 38 45 42 37 42 43 37 44 0 42 45 39 45 45 0 44 0 0 41 0 38 0 40 37 40 0 40 38 40 42 42 41 0 0 0 42 0 0 36 0 38 44 40 41 43 39 40 39 43 40 0 44 36 45 37 0 38 44
39 36 46 36 42 46 37 45 42 39 42 45 46 0 0 38 0 44 42 39 36 43 0 0 0 40 40 39 42 0 0 39 0 36 42 46 0 0 0 41 40 0 39 42 38 0 39 46 45 0 40 44 43 41 41 43 41 0 42 39 0 46 43 39 39 41 39 0 0 38 42 0 46 0 0 46 42 46 42 44 0 40 39 41 39 42 44 42 36 46 45 39 39 42 45 37 36 39 43 37
36 41 33 0 34 39 0 40 36 39 41 0 33 40 40 33 33 39 34 36 35 37 0 0 36 36 0 39 37 41 34 0 33 0 34 33 0 38 36 0 41 35 37 35 36 34 0 0 38 0 0 39 39 38 0 39 40 35 33 33 37 39 33 0 40 40 0 38 34 0 36 36 40 40 0 35 41 33 36 0 0 0 0 36 0 0 39 36 36 40 0 38 41 0 34 34 0 36 0 0
44 47 0 44 48 41 47 44 49 41 48 48 49 49 40 47 0 40 41 0 45 43 48 49 0 48 49 44 43 0 0 40 48 0 46 46 49 0 39 39 47 39 49 41 40 44 44 49 45 39 0 0 41 40 49 44 48 47 49 0 39 42 44 39 39 47 0 44 0 46 49 49 43 44 44 0 39 49 45 46 41 46 41 48 42 47 41 40 47 45 43 0 43 0 44 48 39 48 0 46
43 43 0 35 42 0 36 0 36 43 40 0 35 38 35 43 0 0 38 41 43 0 0 38 37 38 40 38 42 40 0 40 40 35 0 0 40 0 43 39 40 0 0 39 0 35 37 36 42 0 40 38 36 35 36 0 35 39 42 0 35 0 35 40 38 0 38 38 42 43 40 39 41 38 0 42 41 40 40 38 37 43 0 35 43 0 0 0 38 43 40 35 0 41 0 40 35 38 39 43
46 41 45 0 45 0 40 39 46 0 39 43 40 43 42 45 45 0 0 39 49 0 49 41 47 47 45 48 48 43 47 49 49 48 40 39 0 48 45 0 47 40 44 48 42 0 46 45 41 39 48 45 46 0 47 40 46 45 43 46 0 44 46 49 47 40 45 44 44 0 43 44 42 41 41 42 41 0 46 43 45 41 46 43 46 47 40 0 41 40 0 0 45 40 45 0 48 46 0 45
40 37 43 37 42 0 0 0 43 44 36 41 40 37 38 40 38 0 0 39 0 39 43 35 35 0 37 42 0 41 40 36 38 41 38 43 40 40 39 42 43 43 43 40 35 36 35 39 0 44 38 42 0 41 40 38 0 0 40 0 0 42 36 43 36 0 42 0 41 0 0 42 0 39 43 42 36 0 37 35 35 44 36 43 0 0 42 40 0 37 0 42 42 41 37 0 0 37 37 42
42 0 0 42 43 46 50 43 41 49 47 0 42 41 41 0 45 41 42 47 40 0 46 48 0 48 41 50 49 0 41 49 49 47 49 43 50 47 49 42 40 41 0 49 47 0 40 45 41 41 46 46 40 46 0 42 48 41 46 44 0 46 42 48 48 0 43 48 49 42 41 44 0 43 44 46 47 0 42 43 46 45 41 41 45 41 47 48 41 46 41 49 0 41 45 43 0 46 42 50
0 33 40 33 35 0 35 0 37 32 0 36 0 40 0 37 33 40 40 0 37 38 33 39 32 35 0 37 37 0 0 36 34 37 34 0 33 0 0 36 0 37 0 37 40 39 33 0 0 34 34 0 38 36 36 33 0 34 37 34 34 37 33 0 0 37 0 38 34 0 0 37 39 0 36 38 0 39 35 39 40 0 0 0 0 40 32 35 35 40 40 34 0 39 32 0 37 34 37 39
0 35 37 38 41 41 36 42 38 0 38 0 39 0 44 43 44 38 43 0 0 36 0 0 42 0 43 36 38 37 40 0 35 41 0 37 0 43 0 44 43 37 0 41 39 39 0 44 36 39 44 0 38 38 0 44 40 0 44 44 40 40 35 37 41 36 0 43 0 37 0 38 42 41 39 37 42 37 42 0 38 44 38 36 37 37 41 41 40 37 0 38 44 41 42 36 43 0 43 0
0 0 40 0 37 37 46 45 47 44 38 43 40 46 44 40 46 44 47 42 0 40 45 38 45 44 46 0 0 39 43 45 0 40 37 40 39 46 44 45 47 39 45 39 0 0 44 0 39 38 38 40 38 40 44 0 44 47 0 44 42 37 46 38 39 43 37 0 41 40 45 42 42 37 0 45 40 40 47 38 0 46 0 40 0 40 43 41 0 47 40 42 44 0 44 39 46 41 0 0
0 0 0 36 0 34 0 41 41 0 36 42 41 0 42 36 34 37 35 0 0 38 41 39 0 0 0 42 0 39 40 42 0 39 40 0 41 0 36 35 34 36 0 38 41 36 36 39 0 36 39 38 35 40 39 36 35 0 34 36 37 36 0 0 34 41 0 38 0 37 40 41 0 37 38 42 35 41 34 0 0 42 41 0 39 35 41 37 38 38 38 37 40 34 0 39 42 0 35 34
35 43 0 43 0 0 0 37 39 42 0 35 0 35 42 38 41 36 0 38 41 35 0 42 42 38 35 0 0 35 38 43 38 40 37 37 38 42 41 40 38 41 36 40 39 35 0 0 0 38 43 37 38 0 35 0 43 38 35 35 41 0 0 43 35 37 35 42 36 0 0 36 0 0 43 36 40 43 41 35 0 39 0 0 35 0 0 42 43 39 37 38 43 0 37 40 42 41 41 41
37 35 0 40 42 0 39 37 39 35 36 0 0 37 0 40 0 41 0 41 41 0 37 0 42 35 35 35 38 37 0 33 0 38 0 42 41 36 40 35 0 34 38 41 0 35 0 37 41 39 37 39 0 33 0 37 38 42 38 0 0 0 39 35 34 0 0 40 34 0 39 0 40 0 37 0 36 35 34 37 33 0 38 41 41 37 0 33 35 39 36 42 0 42 37 38 41 39 41 0
0 34 35 38 0 41 0 0 0 0 42 0 0 43 36 37 0 0 0 34 41 38 41 0 0 0 35 38 41 38 38 42 0 41 42 41 37 39 40 38 0 38 41 41 43 35 38 34 0 39 39 37 0 41 36 38 0 38 34 41 38 35 35 39 35 43 0 35 41 34 0 41 35 34 41 40 41 38 41 38 0 37 38 39 37 0 34 0 39 35 0 0 35 39 42 37 42 0 0 37
0 0 43 0 40 45 0 0 36 45 44 44 39 38 41 44 0 42 38 41 37 41 36 36 45 0 40 36 39 39 36 36 36 43 36 0 0 38 41 0 37 43 38 0 44 0 0 0 37 37 44 37 43 45 0 37 38 37 41 41 0 37 41 0 41 0 44 38 42 37 38 40 44 41 42 38 0 44 42 36 44 42 38 37 0 45 41 40 42 40 0 44 43 0 41 0 38 43 44 0
36 0 39 0 38 0 37 38 0 38 0 0 34 36 37 42 42 42 37 42 36 36 35 39 42 39 42 36 37 37 0 34 36 0 38 42 38 37 42 0 40 0 39 36 0 37 38 37 0 35 0 0 42 0 38 43 0 43 35 37 0 39 40 38 34 42 0 37 39 34 43 39 40 0 43 0 0 37 34 42 0 42 35 38 42 39 34 43 42 0 37 0 43 42 0 0 38 0 42 35
36 40 37 42 0 42 36 39 38 0 42 0 38 35 35 44 42 36 39 36 39 37 42 41 0 35 42 41 44 37 0 41 42 40 42 42 0 0 39 36 0 44 35 39 39 36 40 37 0 42 0 0 44 43 43 42 39 44 0 0 0 37 42 0 40 0 44 39 0 36 42 39 39 40 43 0 0 0 0 38 36 43 36 0 35 0 43 36 36 0 0 36 39 38 41 42 0 39 41 43
38 0 38 34 36 40 0 36 36 0 36 38 40 39 34 38 41 0 39 36 38 0 41 0 42 38 41 0 0 38 39 34 0 36 41 42 34 34 38 41 42 0 39 37 39 38 0 38 39 0 41 41 38 40 35 0 0 42 34 40 37 36 36 0 0 36 34 35 0 40 38 41 0 38 0 0 41 0 38 0 0 0 37 0 39 0 42 36 42 0 37 39 36 38 0 41 0 34 36 35
44 39 39 0 41 40 37 37 0 0 38 44 0 37 39 45 43 44 39 44 0 38 40 0 39 43 41 37 41 38 38 44 45 0 0 45 0 44 41 39 0 37 45 47 43 42 42 0 40 38 42 40 43 0 45 43 42 0 42 47 40 0 42 0 47 40 40 38 47 0 0 41 41 40 47 0 43 0 40 39 43 39 0 41 47 40 43 39 38 44 44 44 43 0 41 39 38 45 41 39
