nb_clients 100
nb_jours 50
nb_camions 6
volume_max_camion 1000

demande_quotidienne
43 45 0 56 0 49 0 39 39 37 0 51 45 0 0 43 50 51 0 44 56 41 40 44 42 37 53 0 44 42 41 0 45 53 56 46 0 53 45 54 47 50 43 41 43 0 44 39 0 45 37 45 52 55 0 56 50 42 48 0 53 45 48 49 0 43 45 44 38 39 0 49 53 44 50 51 0 49 0 45 0 54 42 39 48 42 53 53 49 44 41 46 0 0 52 45 53 51 42 45
38 0 0 0 0 53 49 50 0 38 0 39 0 46 35 0 0 52 37 42 53 51 43 35 43 42 43 0 53 50 45 50 0 37 0 50 40 46 42 38 0 44 50 39 43 49 35 44 0 46 39 44 44 42 49 38 46 40 45 0 38 36 36 0 53 39 50 51 38 0 0 48 47 49 41 43 36 0 47 0 53 45 50 0 47 0 41 46 45 0 36 41 45 0 0 50 45 40 0 40
0 38 44 44 0 50 42 56 43 0 44 41 45 38 45 52 40 52 0 53 53 55 0 38 49 47 39 48 42 52 0 45 0 54 0 53 45 48 50 42 53 54 44 45 0 0 39 0 53 54 42 0 0 52 41 56 0 54 38 0 55 53 0 52 49 56 47 0 42 37 0 41 0 52 44 40 47 56 47 0 51 38 42 41 54 52 45 51 56 49 50 0 37 39 0 55 52 40 49 51
44 53 57 0 0 46 39 57 0 38 45 46 39 39 51 49 0 0 45 47 43 57 50 0 40 39 40 0 46 50 0 48 55 0 49 39 54 42 54 45 0 48 0 51 42 46 42 42 0 41 46 50 46 44 51 38 55 42 0 54 45 40 51 40 50 55 53 0 50 39 50 43 48 0 46 43 57 42 0 38 54 38 53 0 51 49 52 45 50 49 53 0 49 47 41 44 0 53 46 0
46 41 48 39 0 41 55 53 42 45 0 43 52 0 55 0 39 39 47 54 42 46 0 0 0 0 45 38 53 38 51 57 39 47 40 42 42 52 0 0 52 39 57 0 42 54 0 55 0 0 53 55 45 55 47 53 43 50 0 43 45 47 0 56 46 51 0 51 49 47 51 47 0 45 49 48 52 38 44 0 51 49 55 51 53 47 47 47 53 38 41 51 0 49 54 47 53 45 39 57
44 50 43 0 50 53 57 39 41 43 39 45 41 39 42 47 52 55 53 51 55 51 44 38 0 0 0 57 40 0 0 0 39 40 44 39 54 0 53 54 55 0 56 0 0 48 41 55 56 39 51 47 55 38 56 51 41 51 48 41 0 45 50 51 39 47 42 42 44 0 47 51 55 0 47 46 42 0 39 48 38 44 0 0 45 0 39 42 40 53 0 43 43 51 0 50 55 51 42 0
51 50 49 50 0 41 38 46 0 0 36 0 48 0 0 49 0 48 51 35 49 38 0 47 0 0 41 0 49 41 36 0 41 0 49 50 35 48 0 46 45 42 36 0 0 0 45 0 46 0 50 0 35 38 49 36 41 48 37 50 41 0 46 0 34 36 39 48 40 0 34 51 35 34 45 50 37 38 42 0 51 51 42 41 43 0 48 43 35 38 0 45 0 51 46 46 41 46 0 41
38 49 0 0 0 37 38 34 44 0 0 41 51 43 48 43 41 0 0 38 39 39 0 35 34 42 39 0 40 0 0 0 47 0 41 35 37 47 35 49 38 39 49 38 48 0 51 36 48 41 34 44 47 0 0 0 39 0 0 36 41 40 47 47 49 0 50 0 49 37 49 50 34 51 51 37 0 38 39 34 47 41 0 0 50 0 47 0 37 37 51 38 34 34 37 49 34 49 0 0
49 49 45 36 38 0 42 0 47 46 45 0 41 42 43 50 42 0 51 35 0 0 0 0 40 39 42 47 38 0 49 42 0 42 0 0 0 39 38 42 37 46 38 34 34 36 38 0 50 50 41 46 45 35 40 0 42 37 37 42 47 0 0 0 0 44 0 0 44 0 0 50 50 43 38 36 41 40 0 46 35 35 45 37 0 45 35 0 47 39 47 41 47 0 50 49 0 42 43 0
50 39 51 0 0 40 0 43 0 46 54 44 49 51 44 0 0 44 52 49 0 50 44 42 51 44 49 37 49 0 0 50 41 47 47 38 38 51 0 41 0 39 49 53 39 51 37 49 44 38 0 37 51 0 0 0 0 51 37 43 47 42 41 0 47 0 43 48 53 54 37 0 43 0 37 36 44 48 0 44 38 41 46 52 0 46 0 43 41 52 41 40 41 53 54 0 38 36 36 43
49 49 49 0 38 38 49 0 45 53 0 52 42 49 54 50 0 54 38 38 0 47 40 39 0 49 45 49 45 0 43 0 51 51 39 51 52 52 38 52 0 41 38 56 43 50 52 47 56 44 51 0 0 40 0 0 50 48 42 0 48 0 49 52 0 50 37 51 50 0 42 43 0 53 0 55 52 54 48 45 41 44 41 45 44 45 54 42 50 49 52 44 43 0 0 41 45 39 0 45
47 37 36 43 35 39 34 44 33 0 0 0 48 0 36 0 38 0 47 41 41 38 0 0 49 0 39 44 0 40 34 35 0 0 42 33 41 36 42 0 49 34 45 0 41 0 0 41 48 0 33 41 0 35 50 41 45 37 43 0 45 42 45 49 0 0 0 34 43 41 44 0 0 33 34 0 35 36 0 43 43 49 41 50 42 0 41 48 39 0 49 35 0 41 44 0 0 43 42 48
40 38 45 46 36 42 0 35 0 45 33 44 49 47 0 0 38 46 36 49 43 38 44 40 42 0 0 45 0 35 43 33 48 42 49 0 0 49 49 0 0 36 40 40 0 38 45 48 45 47 0 0 0 36 43 41 49 43 40 46 44 0 0 49 47 42 0 45 0 48 36 47 45 0 33 0 47 45 39 36 0 33 38 49 0 0 0 40 43 45 0 38 33 0 34 0 43 0 0 0
53 43 43 0 51 39 51 52 41 41 42 37 42 50 42 43 37 50 49 0 0 44 52 0 0 41 55 56 45 54 0 55 40 52 0 44 40 38 45 55 38 56 47 39 42 0 0 38 49 56 47 46 39 0 53 55 39 41 56 48 0 56 48 50 47 0 40 41 41 38 41 0 48 51 0 49 48 46 0 48 43 53 44 44 52 37 0 0 55 0 45 0 44 55 0 41 50 56 42 41
54 56 46 0 50 40 53 41 52 42 50 39 0 55 39 0 37 0 49 0 53 39 53 49 37 43 43 42 0 56 42 39 43 51 46 43 0 43 0 39 46 46 52 0 55 49 0 55 45 0 55 42 49 42 41 56 0 45 55 38 0 0 55 50 48 0 45 40 52 41 0 51 49 47 55 48 46 45 0 56 56 0 48 49 43 43 0 39 54 53 43 0 48 52 49 53 49 0 0 39
44 46 56 51 40 53 45 53 38 42 47 0 42 54 0 50 42 38 46 43 54 0 47 51 42 42 50 55 54 49 0 0 44 0 48 42 0 54 0 56 0 52 38 57 51 42 56 38 50 50 46 44 0 0 57 38 41 46 0 0 0 47 48 46 43 46 49 46 47 0 38 0 56 41 0 50 48 44 57 42 0 56 49 0 0 46 52 40 57 42 41 45 53 50 54 57 41 39 50 54
51 47 35 0 51 0 0 52 39 52 35 0 44 41 0 38 35 0 38 44 41 47 45 52 36 49 42 41 0 0 51 45 38 35 42 0 41 41 44 42 0 48 49 38 0 0 0 0 40 0 37 37 46 0 41 44 0 37 44 44 52 45 47 0 45 48 38 50 46 0 38 41 43 0 50 0 36 45 50 47 0 0 52 47 51 39 41 50 51 51 47 44 0 0 0 52 47 42 35 42
52 49 46 51 46 41 43 0 52 46 52 39 0 48 49 45 53 48 50 0 52 55 47 43 47 45 45 0 0 44 49 42 42 49 40 53 49 52 41 39 0 52 37 0 45 47 0 46 56 0 39 52 50 0 49 46 0 56 46 56 46 0 46 50 51 40 51 49 54 49 50 52 55 49 0 0 0 53 45 0 41 0 45 49 53 55 0 52 41 41 43 56 0 0 53 48 0 0 37 45
0 46 0 47 41 36 0 0 0 41 0 0 0 0 34 41 45 0 0 44 0 50 40 50 0 0 37 47 35 0 50 48 0 35 34 36 36 47 0 37 46 39 0 34 48 41 41 48 39 44 0 36 50 0 45 41 40 0 39 48 48 40 34 0 34 46 44 48 39 34 0 41 0 0 39 48 47 34 50 46 0 46 44 48 35 44 43 44 0 44 0 50 44 41 46 34 0 38 48 48
0 38 0 47 41 48 42 45 0 0 0 0 44 39 47 44 42 36 39 51 44 40 0 39 47 51 0 0 0 38 36 49 51 50 49 49 51 36 51 45 0 43 47 36 39 0 47 0 38 51 38 38 36 0 0 52 50 40 39 41 36 47 50 0 44 43 44 0 0 43 39 0 43 44 0 0 52 46 45 50 40 41 0 42 0 40 39 45 39 0 0 39 45 0 44 37 0 45 39 0
0 47 36 49 0 50 51 41 48 48 37 50 51 44 0 52 0 45 48 50 0 53 50 43 0 0 39 38 41 0 41 40 40 0 47 54 43 39 37 0 54 0 41 44 53 51 50 45 42 0 44 45 41 45 43 39 46 40 43 0 38 41 38 42 45 0 54 0 0 41 40 44 54 0 42 50 0 51 48 0 54 36 43 0 51 47 44 48 54 41 54 45 0 0 43 0 46 47 44 0
44 43 0 49 49 49 50 0 52 38 35 46 47 43 42 38 49 49 44 40 41 43 46 47 0 0 43 36 0 0 0 0 40 0 0 37 0 40 0 44 51 0 38 0 49 0 37 37 46 37 0 36 50 51 38 39 41 44 37 51 38 43 50 38 51 51 0 45 0 48 46 48 41 44 40 0 38 49 51 43 0 0 0 35 51 40 40 40 0 0 46 0 0 37 35 0 51 42 40 46
51 56 50 41 0 0 50 54 0 49 0 53 54 47 0 0 40 45 40 49 0 56 54 48 0 54 41 42 40 47 43 47 56 0 43 43 56 40 38 46 48 53 37 38 45 0 0 49 54 0 0 41 51 55 0 56 47 40 54 0 56 50 50 54 43 44 52 54 52 49 50 47 56 47 53 55 0 0 41 54 41 40 0 48 40 46 51 54 54 0 0 50 0 0 50 54 46 50 47 55
0 0 50 0 46 0 0 39 0 36 33 0 0 36 36 0 45 48 0 39 34 0 47 34 44 39 43 44 39 0 45 43 37 35 48 33 36 38 40 45 0 36 43 0 34 39 38 39 37 46 34 47 45 45 37 45 45 0 0 34 48 0 0 0 38 0 34 0 36 50 46 40 36 45 36 41 40 47 39 0 0 43 0 48 0 43 38 41 0 33 37 38 0 36 40 0 46 0 33 0
0 35 0 52 52 38 52 0 41 43 51 38 0 0 48 38 0 35 44 0 52 0 49 49 42 41 42 0 50 38 0 0 0 37 52 0 35 47 38 0 0 39 36 39 48 35 46 52 49 0 42 44 41 44 46 49 35 44 44 52 46 35 41 0 52 0 38 49 0 46 0 46 44 49 45 51 45 38 0 46 40 0 41 0 0 50 36 45 0 52 46 46 38 37 43 43 0 46 38 0
0 39 47 0 0 38 0 0 39 33 45 47 34 47 44 37 0 0 42 38 0 47 36 0 0 0 36 42 36 0 0 0 0 0 36 35 41 33 0 37 49 34 47 0 0 41 0 36 0 44 40 45 35 38 0 0 0 40 34 45 46 43 0 48 45 47 45 38 48 0 49 0 43 0 42 36 36 38 0 40 43 49 41 0 35 45 38 42 46 41 41 0 36 42 43 45 43 40 36 45
42 43 0 42 45 0 0 40 42 57 56 42 52 57 46 51 46 42 52 50 47 53 43 48 54 53 58 40 0 52 43 53 44 56 0 47 43 57 57 57 0 53 52 44 54 0 39 53 40 54 57 48 57 55 47 53 53 54 39 53 44 0 47 54 0 52 48 40 53 43 57 0 0 57 43 55 54 47 49 39 52 45 48 53 42 46 0 55 0 41 0 0 0 44 58 40 0 0 0 47
51 46 0 40 36 38 49 50 39 40 35 38 0 35 35 50 0 37 45 0 41 0 38 46 43 43 49 46 46 0 35 0 0 40 0 50 35 51 0 46 40 40 41 36 44 0 0 0 39 35 0 51 0 0 38 40 45 0 49 42 49 42 0 0 41 41 40 38 36 48 45 0 0 48 44 36 0 0 48 42 0 45 0 44 47 43 0 47 51 41 45 49 40 0 34 44 35 0 35 36
44 42 0 53 48 0 0 0 45 45 52 42 47 39 0 47 39 42 0 50 41 36 0 36 0 35 0 47 47 37 0 0 44 49 51 52 40 0 52 48 0 39 42 52 40 39 48 36 46 0 47 51 38 43 41 48 41 50 36 39 0 49 0 45 48 41 53 0 47 44 0 52 45 0 0 47 0 36 48 44 42 47 52 0 49 36 39 0 0 0 44 47 0 46 44 36 0 47 45 51
37 40 47 49 40 49 36 0 46 0 49 0 39 0 41 46 0 0 36 0 47 34 39 41 46 48 36 35 40 37 0 0 0 34 49 47 0 47 47 0 35 0 0 42 0 49 34 33 48 49 0 35 0 47 37 0 47 43 40 0 42 48 35 37 0 47 0 41 34 47 36 49 0 0 33 0 47 49 44 0 35 47 49 0 44 0 40 34 37 38 0 42 44 33 45 39 47 34 0 0
0 38 51 36 34 39 0 0 34 51 0 37 34 39 41 37 41 38 51 50 36 52 0 35 47 40 0 0 0 36 0 46 44 0 0 0 51 49 0 41 0 0 36 37 41 50 36 36 49 47 36 41 0 49 0 36 49 0 49 50 36 46 49 50 0 43 50 36 34 0 40 0 52 43 47 36 42 43 0 41 36 46 42 0 47 43 39 50 0 44 47 39 47 46 39 37 0 0 50 0
47 35 0 51 36 35 41 52 47 0 0 0 39 39 0 0 44 0 50 0 42 0 45 0 50 0 36 0 35 40 0 47 44 36 47 0 0 48 47 49 49 44 42 41 48 43 40 52 41 0 36 40 52 0 39 44 35 36 51 49 50 0 0 49 36 34 50 39 47 45 47 0 49 42 42 46 49 38 51 35 50 52 49 38 41 36 0 0 35 49 44 46 0 0 44 0 36 0 0 0
49 36 35 43 49 39 34 0 41 39 35 0 48 0 36 0 35 36 0 46 42 36 39 42 37 0 0 41 0 38 49 36 50 50 34 39 44 36 34 0 0 0 0 0 0 0 0 37 49 41 34 44 0 51 39 0 35 50 46 42 41 0 41 0 34 0 0 36 0 0 49 40 47 47 41 0 0 0 0 50 41 48 36 51 43 43 49 36 44 39 41 44 0 49 40 45 41 35 47 45
39 38 0 47 42 42 36 53 0 0 44 0 36 37 38 0 52 44 52 36 53 42 40 43 50 37 0 0 0 51 0 40 44 0 0 42 0 0 49 40 0 52 0 0 0 39 47 53 53 37 0 50 0 36 39 0 50 51 38 50 44 44 51 50 39 45 42 47 0 0 35 43 46 36 37 0 44 44 38 48 48 43 45 49 35 0 42 38 0 44 42 41 36 0 42 36 35 36 44 36
0 0 53 44 47 0 44 49 52 49 0 52 44 0 49 39 52 41 52 56 52 0 54 39 41 41 44 53 39 49 42 58 0 49 0 45 47 46 0 53 50 50 49 40 57 0 53 56 51 57 49 0 51 0 58 47 0 51 56 47 53 43 39 56 42 42 42 58 45 51 57 48 54 53 58 0 56 55 39 47 39 49 49 40 0 40 47 53 44 53 50 0 0 57 40 42 43 46 44 0
42 50 54 0 50 37 40 54 47 47 0 0 43 0 0 41 46 40 54 47 0 0 0 52 0 50 37 45 45 53 43 50 40 42 0 46 54 0 38 50 53 0 36 50 43 51 51 41 0 53 43 42 43 0 0 48 47 42 52 51 53 47 41 46 0 54 45 0 0 45 47 0 43 0 49 41 50 40 0 0 43 37 50 48 43 54 48 0 47 0 49 39 53 39 53 0 50 47 48 49
53 38 54 52 0 38 40 45 49 45 37 37 43 54 39 53 0 43 0 50 43 0 48 46 50 0 46 42 47 44 52 0 44 0 45 36 48 41 50 43 46 41 46 41 53 0 0 49 41 38 41 40 44 47 48 36 47 45 0 50 0 46 0 48 0 51 53 38 42 48 49 41 0 54 54 39 39 0 0 40 41 0 0 47 0 42 0 0 52 0 49 0 46 37 46 43 38 36 43 0
45 50 46 47 44 0 0 35 0 0 40 38 43 36 39 51 50 49 40 50 50 43 0 0 50 42 41 36 39 48 50 0 49 0 0 45 0 36 40 45 45 50 47 39 45 47 45 0 45 0 37 37 44 43 40 50 50 46 37 35 0 47 0 42 37 46 0 0 39 37 34 49 37 40 47 0 37 0 0 0 47 0 51 0 0 50 0 34 36 37 0 45 0 45 48 40 42 0 41 50
0 0 45 52 49 0 42 45 0 54 0 47 52 49 0 56 0 50 51 0 48 0 43 0 43 43 53 56 50 40 49 52 45 42 39 56 37 43 47 0 42 38 42 43 42 53 0 42 53 0 0 0 51 47 56 0 55 39 51 50 40 42 38 52 49 0 42 44 49 0 38 51 53 42 48 0 45 52 0 50 37 53 37 50 44 47 0 55 43 46 55 43 45 55 0 38 49 52 39 47
37 37 39 49 41 0 48 40 0 47 0 38 37 39 46 53 36 0 43 50 51 53 39 36 53 53 0 0 37 0 39 43 42 36 38 42 0 49 46 42 53 45 0 47 51 36 40 0 44 48 54 39 49 0 0 39 48 42 47 51 0 53 50 0 44 47 48 47 51 44 43 42 37 48 54 48 0 0 41 41 42 41 0 42 49 0 0 0 51 0 0 0 0 48 43 52 48 36 0 51
42 0 0 44 39 41 39 51 0 42 44 43 0 55 51 43 39 53 57 55 0 46 51 42 41 44 56 43 0 0 43 0 50 55 38 48 42 52 0 44 50 45 40 50 0 0 48 47 0 45 52 50 38 39 0 43 43 43 46 43 52 0 49 45 46 40 54 52 43 47 0 56 39 44 0 47 42 0 56 55 55 47 47 49 52 57 51 53 0 48 51 38 0 47 43 53 44 46 47 0
36 48 49 49 0 37 37 43 0 0 38 44 47 0 42 39 0 0 48 43 44 36 42 42 46 39 0 39 53 36 41 0 0 0 0 38 41 42 41 0 36 50 0 52 49 43 42 51 39 49 0 36 49 42 54 51 52 36 46 0 54 53 46 0 0 0 53 52 45 49 42 47 42 0 0 0 50 42 46 39 36 36 37 48 46 38 41 36 0 45 39 40 41 45 39 0 0 37 37 46
37 46 49 50 0 0 0 47 0 53 0 49 38 36 38 50 48 53 50 0 39 43 41 47 46 53 0 37 53 51 0 49 53 45 49 46 42 37 47 53 50 53 50 53 0 0 39 38 42 38 49 45 0 46 0 48 35 0 48 0 41 35 0 0 39 0 39 44 0 53 0 52 38 52 38 53 0 36 37 0 43 53 53 49 0 0 40 50 0 44 39 44 0 51 47 0 42 35 36 46
0 49 43 52 0 46 50 39 46 0 40 0 43 0 49 50 53 53 43 0 38 0 46 47 53 43 49 0 39 47 48 43 53 0 51 46 48 54 40 42 50 55 0 38 0 54 37 46 51 0 40 0 43 0 39 41 48 46 36 0 37 54 48 37 53 0 55 46 38 36 53 48 49 49 38 48 0 39 0 0 50 43 0 49 0 49 44 41 40 0 0 51 42 50 42 39 54 0 42 48
52 0 46 0 42 0 44 44 38 39 48 48 0 46 39 39 0 39 0 43 36 46 45 36 37 52 50 0 0 0 47 37 44 35 50 0 39 44 37 36 0 48 42 0 49 47 50 0 0 0 34 0 50 34 0 41 37 49 43 0 36 0 36 41 0 43 52 42 0 43 46 45 39 41 51 38 49 39 45 41 35 0 48 47 37 51 0 0 0 0 49 44 50 41 44 46 0 44 51 0
36 0 48 0 52 48 37 35 42 35 40 39 35 36 50 40 35 45 51 0 0 42 47 38 39 36 49 46 51 36 52 47 36 40 0 53 0 47 43 46 53 0 40 51 35 53 44 47 35 36 53 39 0 39 50 0 0 42 39 50 0 39 0 45 0 0 45 37 47 36 53 0 53 0 47 0 51 48 45 40 0 0 42 0 43 39 35 0 0 44 44 37 0 45 47 0 42 0 0 0
41 47 38 50 50 38 47 37 0 44 0 49 48 46 46 0 39 47 38 47 0 47 52 48 38 46 0 43 43 49 54 0 47 49 0 0 37 0 46 52 50 0 47 0 0 49 52 51 46 54 44 40 0 40 0 50 46 44 41 43 54 0 36 53 45 54 37 44 39 46 36 48 0 0 50 0 47 0 48 0 44 47 50 38 49 0 54 50 0 42 37 50 42 52 51 42 46 0 50 0
0 44 52 38 57 46 45 39 55 53 39 40 44 0 0 43 48 47 49 41 42 40 39 42 57 0 57 45 0 41 0 49 57 54 49 43 40 52 53 46 54 55 0 42 44 40 0 57 54 44 48 50 52 52 57 0 41 45 44 51 0 0 54 57 0 0 53 39 49 41 44 56 43 0 0 52 0 0 52 44 50 45 50 0 57 53 40 0 54 48 52 39 38 52 53 46 0 52 38 40
0 38 54 38 41 50 48 37 0 46 55 0 38 42 0 0 0 0 42 38 49 51 0 39 45 47 38 43 48 0 45 39 49 40 37 53 49 0 44 49 40 54 46 52 39 0 37 50 47 0 48 39 50 42 52 53 0 0 49 52 0 49 0 45 44 41 41 0 0 47 53 49 39 0 46 54 55 54 53 43 39 55 48 44 42 46 50 37 0 46 55 0 41 41 43 46 53 39 39 45
38 0 54 42 54 43 38 42 0 54 48 41 51 50 0 42 51 41 0 42 0 0 0 46 53 47 42 47 50 51 0 0 52 44 0 0 44 0 0 0 39 52 45 0 40 37 52 0 44 52 44 0 51 45 51 50 38 0 52 0 48 47 42 38 37 51 48 42 47 46 50 46 37 51 41 0 39 42 40 44 0 0 37 51 44 37 43 54 43 51 0 45 51 39 45 54 47 0 42 45
