nb_clients 100
nb_jours 50
nb_camions 6
volume_max_camion 1000

demande_quotidienne
40 51 56 39 43 0 0 56 48 49 53 46 42 0 49 37 46 47 52 56 56 0 0 48 43 55 43 51 39 45 37 37 37 53 50 37 46 53 42 0 0 37 0 43 56 48 49 0 43 46 0 53 43 56 48 44 37 47 50 53 39 0 0 55 44 39 55 45 0 54 0 47 50 0 42 44 44 51 49 50 0 51 38 49 43 55 46 47 0 41 46 50 0 56 0 0 46 39 48 0
51 40 57 0 51 48 47 50 0 38 50 39 45 56 53 52 0 48 54 42 0 51 44 38 57 43 0 52 0 48 51 47 52 47 49 44 0 52 53 56 38 48 56 51 41 0 0 52 43 48 39 50 47 52 52 43 51 48 50 47 48 47 0 0 52 53 53 46 49 0 38 44 0 42 52 52 42 0 52 44 39 55 0 40 0 49 38 0 57 44 44 44 0 53 42 47 0 0 42 42
0 46 38 50 40 49 51 41 45 0 0 0 45 37 35 41 0 42 44 39 40 37 40 51 46 39 48 44 35 40 0 0 0 35 0 38 45 0 46 50 0 47 40 49 51 46 45 40 0 49 35 0 50 48 42 50 0 0 35 51 41 37 39 35 41 36 36 0 0 0 38 44 48 0 37 35 0 35 0 39 48 45 38 52 0 48 0 35 43 39 43 37 39 0 0 44 48 39 45 0
53 46 43 49 48 37 44 51 46 0 37 0 41 44 50 0 44 0 0 43 53 39 46 50 45 53 50 48 55 50 42 38 54 0 38 40 0 40 0 0 0 55 0 51 49 43 45 44 44 39 43 42 0 55 54 0 0 50 50 55 39 0 37 47 38 46 0 40 44 39 0 50 46 38 0 0 42 50 38 43 45 43 0 50 39 47 43 39 0 43 37 0 53 37 38 47 39 37 0 42
48 0 0 37 0 39 51 40 39 52 0 45 44 48 42 48 0 51 46 43 37 40 0 43 36 0 35 42 0 49 43 45 44 43 44 37 0 43 0 45 0 0 40 49 53 48 51 46 0 43 41 39 0 0 42 0 40 43 37 41 37 53 45 37 0 0 0 43 0 44 0 0 43 39 0 48 42 40 43 37 48 49 48 49 37 0 0 0 40 44 37 41 48 37 52 37 35 50 35 42
0 46 49 49 41 40 0 0 46 39 50 54 42 0 57 41 41 46 45 0 55 0 53 45 41 42 41 51 0 38 57 46 53 54 51 56 55 42 42 45 48 51 42 38 0 0 43 44 57 39 54 49 48 51 44 51 49 0 49 38 47 46 0 0 49 38 53 48 52 38 38 0 46 52 0 52 41 41 44 0 47 0 47 42 53 0 0 49 38 42 0 46 50 0 49 54 53 56 43 43
45 49 0 0 42 54 47 45 50 52 55 52 0 52 0 0 38 56 0 52 0 0 0 56 0 44 44 54 0 50 45 41 54 0 55 48 52 38 39 0 49 51 46 0 0 43 47 42 51 0 56 38 0 53 0 54 52 45 46 49 0 50 55 0 49 38 43 52 39 43 55 38 0 56 52 53 53 54 38 48 42 46 0 46 41 45 48 40 52 49 42 39 47 52 0 47 39 53 44 43
38 41 0 45 33 37 44 43 45 33 0 47 0 0 0 0 0 0 36 45 0 38 39 45 50 38 47 43 36 0 41 0 42 35 50 0 0 0 37 39 35 33 0 45 49 0 45 39 47 50 49 0 0 34 44 0 45 0 42 44 0 41 50 44 40 33 0 43 48 0 41 39 45 41 40 0 0 45 43 35 47 0 0 37 45 33 38 47 46 49 49 0 44 0 43 46 44 0 0 48
44 0 41 48 52 53 49 42 46 49 37 53 46 51 47 46 45 0 51 0 54 0 0 49 55 42 53 53 44 53 37 47 0 53 40 53 0 46 43 41 0 0 56 52 37 46 43 54 47 53 0 44 40 48 43 0 0 48 49 38 43 49 0 55 51 0 0 46 39 53 48 37 41 49 54 0 0 39 46 53 54 43 52 0 0 49 42 42 0 43 39 0 54 49 53 46 48 49 0 55
38 41 45 53 0 55 51 44 46 53 0 43 47 51 47 41 49 0 53 45 55 43 44 0 55 43 0 38 0 47 45 48 0 43 44 0 39 0 56 41 52 0 52 0 41 53 0 49 50 41 41 0 41 0 49 46 45 57 47 43 40 55 0 55 0 0 39 40 43 47 45 49 40 0 0 38 53 38 57 42 54 38 49 55 50 56 53 49 45 54 44 40 53 55 41 0 43 47 43 49
50 48 58 43 44 44 46 0 52 53 48 43 50 56 45 0 51 53 0 43 40 39 39 0 51 47 48 53 46 43 48 43 0 0 42 39 39 48 42 56 52 0 53 48 45 42 40 50 0 46 0 39 0 39 52 42 39 45 58 41 49 40 43 0 51 0 42 57 0 56 0 56 50 0 47 55 45 45 55 55 44 0 0 53 53 43 0 49 54 56 52 55 52 39 47 52 49 52 43 0
48 45 51 37 52 41 52 49 0 53 37 0 39 0 38 36 40 45 36 0 50 37 47 46 47 44 0 43 36 0 48 36 0 51 38 0 53 52 46 0 0 0 0 37 0 43 37 42 0 44 36 52 41 43 52 38 41 44 38 0 42 38 45 41 0 0 40 0 0 47 44 0 46 38 38 0 46 47 0 52 0 0 47 48 35 42 52 39 40 44 44 47 43 38 45 0 38 49 37 36
44 53 0 45 47 44 45 0 43 0 55 55 49 49 37 49 39 0 0 55 45 45 51 38 48 43 49 0 0 55 46 38 0 0 40 0 49 49 0 43 42 54 0 55 45 45 53 45 46 0 48 52 45 50 49 0 37 40 43 53 42 51 40 0 41 56 47 55 52 38 39 0 53 43 54 0 42 43 38 53 51 49 53 38 38 0 53 41 49 47 0 0 0 49 54 44 0 0 52 49
40 0 46 51 43 48 40 0 52 37 41 45 0 35 0 48 53 44 47 0 37 44 49 47 49 0 0 0 43 46 0 40 42 0 0 0 35 48 0 42 47 52 43 0 48 50 49 0 42 47 45 48 47 45 49 50 0 42 46 0 38 0 46 49 0 0 53 39 41 50 0 45 52 51 49 36 43 0 44 0 51 53 51 35 37 37 35 0 0 46 41 43 50 52 46 53 43 44 46 0
50 47 41 0 41 38 42 44 47 0 0 45 48 44 51 45 56 48 56 44 0 46 57 50 43 56 0 48 56 48 40 0 41 0 41 44 56 38 40 44 0 50 57 40 48 54 56 42 0 40 0 53 39 52 43 52 0 47 0 54 40 0 52 0 0 55 56 40 44 55 44 42 50 56 39 43 0 54 40 48 40 55 0 45 55 0 50 48 40 53 50 40 41 0 53 56 43 42 51 0
45 52 48 42 0 50 48 40 53 0 43 46 37 35 53 52 51 0 52 41 0 48 50 46 42 53 37 40 47 0 41 52 40 45 38 38 41 40 0 0 0 49 36 48 49 47 38 45 0 41 46 52 42 41 0 40 46 43 49 0 40 0 0 0 53 39 52 0 52 0 48 38 0 47 0 0 52 38 50 53 40 43 49 0 46 0 0 38 0 52 41 0 37 0 48 52 36 0 39 51
38 41 49 40 0 49 52 0 0 43 36 54 0 43 0 0 37 0 41 42 52 0 43 42 50 53 48 0 36 38 0 44 39 38 42 54 39 52 49 36 44 37 0 0 38 43 43 41 42 0 0 0 36 37 39 45 44 0 51 0 41 38 52 43 42 36 48 0 38 44 51 53 0 50 0 45 37 52 49 50 53 48 47 49 46 0 45 0 41 0 0 49 39 36 50 48 38 39 41 40
0 47 54 40 47 54 47 53 0 53 43 50 58 42 59 49 42 57 54 49 54 54 0 53 58 55 40 0 0 52 58 43 43 0 55 0 58 45 53 60 48 49 0 44 43 50 52 50 42 56 43 0 48 0 58 57 56 40 54 0 57 43 50 59 54 42 0 40 60 51 56 58 51 47 49 51 50 56 52 41 42 53 60 0 57 0 58 40 41 42 55 43 53 0 60 49 54 47 0 57
48 51 57 0 54 44 0 52 48 0 41 58 39 57 0 49 0 48 0 56 55 58 39 54 49 0 48 48 46 58 47 50 57 0 55 54 0 42 39 0 56 0 52 43 52 55 55 51 47 58 57 41 53 39 0 43 48 55 43 48 0 44 0 44 47 47 56 44 56 0 57 51 48 51 55 58 56 57 43 0 50 48 52 41 53 51 0 42 42 39 0 49 41 39 55 40 43 50 0 48
53 49 44 40 40 0 0 43 37 47 0 52 54 54 0 0 0 46 37 50 42 47 41 53 0 44 53 42 38 0 0 50 41 41 46 51 37 0 41 47 42 37 49 54 0 54 49 54 51 52 0 38 42 0 0 47 39 51 0 37 46 38 50 39 52 0 37 49 42 55 37 37 44 47 0 54 0 41 51 40 50 54 0 0 50 52 47 0 47 50 41 54 46 54 46 0 48 43 45 40
41 48 41 0 53 52 0 37 52 43 43 0 41 0 41 43 0 41 48 46 35 38 38 41 40 0 37 0 0 0 40 48 45 51 40 0 38 0 46 0 51 0 37 50 37 38 0 36 35 0 44 44 45 0 38 48 0 38 51 48 48 37 40 44 0 0 40 51 52 44 43 52 39 40 42 51 0 43 46 48 0 37 47 0 40 0 46 35 42 0 0 37 49 43 53 46 41 49 36 36
39 36 35 46 34 0 41 0 0 37 48 37 43 0 0 34 47 37 41 47 0 35 0 45 38 0 32 0 34 37 49 45 41 47 43 44 45 0 38 33 46 0 47 47 0 43 37 41 38 0 47 0 41 38 43 0 47 0 36 44 32 0 0 0 0 37 41 0 0 39 37 0 34 47 48 0 41 0 37 36 0 43 37 43 41 43 0 37 37 0 47 45 0 49 0 0 33 42 33 45
41 40 44 48 37 51 0 38 0 46 38 46 49 51 0 44 46 43 45 48 0 50 48 37 0 44 51 55 0 40 51 0 50 43 38 51 55 45 0 46 0 37 51 51 39 37 51 49 0 0 0 44 0 55 50 37 52 45 51 38 48 52 38 50 48 44 49 50 0 0 44 45 0 40 0 40 51 0 46 44 49 0 45 44 0 0 45 37 54 0 55 52 42 43 55 46 0 44 51 51
0 0 50 0 40 43 0 0 41 0 51 48 40 39 38 0 40 51 45 35 51 0 41 38 0 35 46 41 0 41 46 37 35 44 0 51 0 0 41 43 51 38 46 35 50 0 0 49 48 46 43 38 0 39 36 0 37 47 0 36 0 40 44 38 35 42 0 41 0 51 0 39 48 34 34 45 35 0 0 0 35 34 39 51 35 0 38 35 46 38 0 44 41 39 0 46 42 41 43 48
37 40 0 0 40 51 50 42 49 45 50 47 44 0 47 35 38 51 50 49 0 50 45 52 49 43 0 37 50 45 0 52 47 47 50 49 51 48 47 47 0 51 53 49 0 46 50 0 39 41 0 47 0 49 0 0 0 48 41 0 42 35 0 53 36 46 46 0 41 47 46 40 52 0 43 0 50 38 44 45 36 0 0 44 0 41 0 48 53 36 42 44 35 43 43 0 49 36 0 52
38 44 39 0 52 38 40 0 0 44 47 51 44 42 0 52 54 0 0 55 55 55 49 54 50 0 45 44 44 46 47 49 47 38 41 47 0 0 37 51 42 52 42 42 54 0 46 0 51 40 0 44 54 0 45 37 54 54 53 0 47 48 40 53 0 0 45 0 50 44 49 48 44 51 39 0 52 44 50 0 0 47 37 44 55 38 52 48 0 49 0 51 54 52 54 43 47 45 42 0
41 54 51 51 51 42 0 46 39 40 0 0 0 39 49 57 56 38 40 39 0 0 52 46 46 38 54 0 52 43 0 0 45 46 53 52 51 0 44 0 43 48 39 44 52 56 50 0 46 46 49 41 0 53 42 51 54 40 58 0 43 44 42 0 41 39 46 57 0 40 50 42 44 39 57 46 47 39 53 40 0 43 0 55 42 41 39 43 39 57 57 41 40 0 44 46 56 45 51 0
40 0 35 51 0 0 39 0 42 0 45 52 50 48 0 0 43 36 0 40 45 0 38 48 49 0 40 36 52 0 40 47 41 42 52 42 44 45 42 0 42 43 0 0 34 42 37 41 38 41 48 37 0 50 51 37 0 45 0 49 0 37 0 36 48 40 40 42 0 42 38 0 0 41 36 44 0 47 42 45 37 37 50 42 0 0 38 45 47 35 0 0 39 49 42 51 42 46 42 46
47 0 0 0 47 0 37 42 0 0 47 49 0 34 38 40 40 46 0 38 41 0 0 0 40 49 0 33 38 35 36 38 41 45 39 36 37 38 35 40 0 45 0 45 47 45 42 43 46 45 0 37 0 41 38 42 35 39 38 38 50 36 36 50 38 0 37 44 41 0 0 41 0 47 0 0 49 0 35 43 47 47 38 47 40 37 0 49 0 49 0 38 0 0 45 34 0 41 44 0
0 40 49 38 49 45 53 55 0 53 44 52 45 51 38 49 45 47 38 0 38 53 52 45 37 0 45 42 45 43 0 44 49 47 37 0 41 52 44 38 39 0 0 52 42 43 45 56 52 0 51 49 51 0 52 0 53 41 0 40 45 39 0 45 49 0 0 0 0 46 48 0 49 54 42 38 55 52 42 38 55 38 38 49 0 49 51 49 54 45 49 0 0 0 49 46 37 46 50 55
46 50 44 37 0 47 42 34 50 42 42 44 39 49 48 0 46 40 0 0 51 42 0 0 37 44 34 42 47 41 37 0 44 44 34 47 39 0 0 0 48 37 45 0 42 0 36 0 39 0 37 41 37 37 50 47 45 40 39 46 0 43 0 44 45 0 0 37 45 47 45 0 0 0 40 49 37 0 34 41 0 0 42 49 48 0 0 37 47 44 44 46 44 42 0 0 35 50 0 36
47 43 0 45 43 38 46 45 46 48 35 48 0 0 0 46 43 41 0 0 52 38 49 41 0 0 35 47 35 0 0 47 40 45 42 45 42 52 37 43 35 0 45 41 44 0 0 0 37 38 43 0 44 49 52 46 46 0 0 38 43 38 0 39 40 39 45 49 38 37 51 0 44 35 45 0 43 0 42 41 43 35 0 46 51 45 41 52 51 41 0 0 43 42 0 41 38 37 0 38
0 39 47 39 49 0 49 0 44 48 52 49 0 0 54 50 44 0 50 47 44 48 53 45 49 41 40 42 49 0 51 42 37 55 0 0 55 0 44 46 36 45 0 45 51 51 52 46 41 43 42 44 45 0 45 52 55 40 36 45 0 45 0 0 0 0 42 38 51 44 45 41 0 43 39 0 36 45 0 46 39 39 49 54 40 0 44 0 45 46 44 49 52 53 49 42 0 41 40 40
0 0 0 33 0 43 42 34 0 34 38 0 46 46 0 0 44 34 0 38 47 34 0 36 46 41 0 41 32 0 32 0 0 41 43 0 0 0 46 34 0 0 38 32 0 41 31 42 40 35 46 0 35 46 31 0 0 37 32 0 42 35 32 33 47 33 39 38 0 40 46 0 0 46 0 41 45 36 0 40 38 44 38 47 39 40 40 38 0 0 0 0 34 36 36 31 36 0 39 40
49 45 48 37 35 38 46 0 0 0 41 0 38 40 51 0 50 43 0 52 42 0 51 35 0 45 0 0 46 43 48 35 43 0 40 0 0 37 44 38 35 43 38 0 41 0 46 49 35 46 36 52 48 44 36 46 47 49 46 37 38 47 50 51 43 49 49 47 0 40 46 0 46 0 42 45 37 36 39 48 49 51 0 37 37 43 0 39 37 51 0 48 36 0 0 0 0 0 0 46
47 34 46 0 0 40 42 47 34 48 47 33 39 47 0 43 38 39 40 0 44 0 0 34 39 45 37 49 49 0 0 40 46 46 0 40 0 48 0 50 48 49 42 0 45 47 0 44 0 47 38 0 33 0 36 0 35 0 0 40 45 40 36 0 45 36 43 34 0 44 49 0 0 45 0 0 49 33 45 0 50 39 47 0 0 40 0 47 39 49 45 49 33 46 42 35 35 48 0 47
47 0 49 0 0 43 0 47 44 45 41 0 48 0 38 0 34 47 0 0 36 46 45 40 51 38 37 46 0 38 38 0 0 41 49 46 0 0 47 36 0 0 0 35 47 39 34 34 0 47 40 44 43 43 35 0 0 51 48 34 48 51 43 43 41 0 45 36 0 38 0 0 41 35 43 41 38 38 39 36 49 49 45 0 36 44 0 50 0 34 44 0 39 51 49 40 38 0 49 0
45 51 36 54 45 0 48 36 39 41 47 51 38 42 52 50 45 0 48 43 38 41 41 0 0 0 0 0 44 52 0 50 51 50 45 45 48 0 0 36 51 45 39 45 39 0 42 45 0 45 51 38 40 50 42 47 0 0 42 48 54 0 0 39 48 52 48 0 51 51 36 48 51 0 0 54 44 0 0 54 38 42 39 37 0 52 0 36 0 49 53 39 54 54 48 45 47 54 41 0
36 46 0 46 51 38 42 52 37 47 38 43 51 37 0 55 37 38 38 0 50 43 45 43 38 0 48 51 0 44 55 40 52 45 49 42 44 0 42 42 0 55 53 41 0 43 0 0 53 43 50 36 52 48 42 52 42 39 42 40 38 42 46 41 39 0 49 0 0 44 46 53 0 0 37 47 0 46 39 0 43 55 42 54 0 43 49 0 47 0 0 38 38 42 39 49 47 0 0 47
0 47 0 44 43 0 36 38 0 39 40 38 45 47 0 40 40 42 0 0 35 34 34 48 51 44 35 38 35 0 44 0 40 36 39 0 0 38 34 0 48 37 0 47 0 49 0 44 50 0 0 39 45 37 46 34 39 0 35 34 0 0 47 35 45 46 0 38 42 34 0 40 42 40 46 0 42 45 45 46 44 40 35 37 51 45 47 0 0 47 0 0 0 45 0 41 37 39 41 42
0 49 0 0 50 51 40 56 39 42 52 49 52 48 0 45 53 39 43 43 46 0 48 46 51 38 0 45 43 52 51 57 52 0 0 40 43 50 42 39 55 0 0 0 42 41 39 56 53 49 50 42 43 53 0 0 41 55 48 44 40 42 46 51 50 50 51 55 47 49 53 0 50 0 48 0 48 53 44 48 54 41 42 55 54 0 47 40 38 49 53 50 0 58 0 41 55 55 58 44
48 0 49 38 0 0 0 43 51 0 56 52 45 40 0 0 47 53 0 54 48 55 42 49 0 46 0 49 43 39 44 43 37 51 38 0 53 49 53 41 42 44 55 38 41 48 45 46 53 56 48 53 49 0 0 39 0 49 0 38 53 38 0 0 0 38 43 44 41 50 49 52 54 53 45 37 48 45 42 42 0 55 54 0 37 48 0 42 46 40 41 42 38 46 38 41 45 37 48 0
49 46 38 35 44 40 0 0 0 0 39 35 0 0 43 44 43 46 44 40 45 42 48 35 36 46 0 0 44 38 44 38 47 0 52 46 51 46 49 38 0 44 0 0 41 43 51 45 43 47 43 0 40 0 47 0 51 0 46 40 40 35 0 36 40 51 43 38 40 52 0 40 46 0 38 0 37 0 0 37 43 0 38 36 37 0 47 51 49 45 35 0 40 35 0 46 51 49 39 43
55 51 42 47 0 49 56 49 0 41 45 58 51 53 48 50 50 57 58 0 50 54 46 43 42 40 47 48 0 0 56 54 47 0 43 42 59 58 56 42 53 44 51 57 45 48 0 52 56 57 0 59 44 46 0 0 42 56 0 50 51 48 57 59 40 53 0 39 48 45 42 0 49 51 52 54 46 50 55 47 51 47 41 54 0 0 59 42 53 0 51 43 0 39 0 39 43 46 44 58
47 46 53 50 0 0 0 53 43 0 46 39 53 46 0 42 0 54 54 44 40 53 51 36 52 0 46 52 0 0 45 55 53 36 53 51 47 44 50 36 0 0 44 54 46 53 55 0 37 50 53 47 0 53 52 39 46 46 54 39 50 36 36 55 50 51 46 0 0 0 46 54 0 40 43 49 53 51 46 52 40 0 0 54 43 0 51 0 0 53 37 55 46 50 50 46 40 0 40 47
47 52 51 54 41 51 54 39 0 52 53 47 44 47 50 56 39 54 56 45 0 54 0 47 0 40 0 38 0 0 40 49 0 49 43 43 39 43 39 40 40 0 0 52 54 40 0 44 48 41 0 0 39 47 53 53 43 42 51 52 50 0 47 53 47 51 52 54 42 46 51 39 54 57 39 38 52 45 0 0 39 38 54 0 56 44 51 45 52 53 0 0 49 47 40 0 43 0 54 54
54 39 0 48 0 0 44 52 46 0 46 0 0 0 38 0 42 54 40 43 0 0 49 41 50 0 41 0 47 0 51 39 0 0 43 46 50 46 38 0 36 48 0 52 48 43 40 40 41 53 41 45 44 42 36 47 0 48 39 46 0 47 37 0 42 38 41 38 46 45 39 0 52 46 48 52 40 40 40 42 44 52 43 44 53 42 49 0 39 36 41 42 0 54 50 49 36 0 36 40
53 41 42 52 42 38 46 53 0 53 45 55 55 41 0 36 45 44 50 44 52 46 0 0 0 0 45 55 0 0 55 0 51 38 46 42 51 48 45 55 43 53 0 39 51 0 37 40 51 55 42 0 49 47 43 0 45 51 36 38 0 39 54 50 41 48 52 45 0 39 46 52 0 0 52 48 0 0 43 49 55 0 43 43 39 42 52 48 43 48 39 46 44 48 0 0 0 37 0 48
51 44 0 44 43 41 0 43 45 40 43 47 54 48 54 0 55 41 0 38 39 0 42 45 38 50 0 44 0 47 0 52 53 54 0 40 37 46 43 52 46 50 47 54 43 50 39 38 45 37 53 48 0 41 55 43 54 52 42 0 44 0 41 38 38 49 47 50 0 0 39 47 44 47 38 43 0 0 51 51 0 52 42 51 50 0 0 45 0 47 53 41 56 43 50 49 39 53 47 0
43 0 40 52 0 41 0 40 52 0 38 48 40 0 44 50 0 41 36 41 35 45 38 0 47 39 37 35 49 43 47 34 47 46 0 34 51 43 41 0 0 0 48 50 39 36 38 0 50 49 47 49 43 46 0 0 34 39 43 49 34 0 34 46 0 0 0 52 38 35 51 0 43 0 44 39 38 39 36 48 44 47 47 0 49 49 40 39 0 0 40 0 39 49 41 48 0 0 37 0
